"nt"	"nds"
1	2960.2552206386545
2	2577.5300561705226
3	2252.4621762916795
4	1986.7611745342892
5	1781.1917862096939
6	1636.4561189656924
7	1554.1139580509016
8	1571.6090479924871
9	1574.04942596864
10	1558.395820477172
11	1644.7950642704236
12	1795.1329497004303
13	2010.7777101608974
14	2301.2883766607056
15	2635.614693827766
16	2836.3228177882206
17	2824.6474934010976
18	2605.8993248548795
19	2269.017758272463
20	1997.0865937151189
21	1780.3328587878393
22	1629.4734343482928
23	1545.2811057479837
24	1542.6228189682488
25	1621.9479515332725
26	1766.9079726062353
27	1973.4605029938618
28	2240.2258764640164
29	2566.277208106028
30	2949.8735994105905
