Gaussian Denoiser Window Size: 2
Predicted sites number: 5
Predicted nucleotides number: 7

Site#1:
1
Site#2:
8
9
10
Site#3:
17
Site#4:
24
Site#5:
30

extremaRank	extremaLoc	extremaNt	extremaNDS_gd
1	24	24	1543.95
2	8	8	1562.86
3	10	10	1566.22
4	9	9	1572.83
5	30	30	2758.08
6	17	17	2830.49
7	1	1	2960.26

Gaussian Denoised Signal:
1	1	2960.26
2	2	2768.89
3	3	2415
4	4	2119.61
5	5	1883.98
6	6	1708.82
7	7	1595.29
8	8	1562.86
9	9	1572.83
10	10	1566.22
11	11	1601.6
12	12	1719.96
13	13	1902.96
14	14	2156.03
15	15	2468.45
16	16	2735.97
17	17	2830.49
18	18	2715.27
19	19	2437.46
20	20	2133.05
21	21	1888.71
22	22	1704.9
23	23	1587.38
24	24	1543.95
25	25	1582.29
26	26	1694.43
27	27	1870.18
28	28	2106.84
29	29	2403.25
30	30	2758.08
====================

