"nt"	"nds"
1	2380.172076197044
2	2042.7705167611284
3	1763.9738548616779
4	1547.2101254666843
5	1464.0041568462505
6	1338.753922611005
7	1368.0433095567544
8	1331.993903234219
9	1429.1115536746665
10	1590.9087044638875
11	1815.7802226743997
12	2127.887106352605
13	2401.989048265231
14	2406.979952440321
15	2138.4612825627237
16	1821.0368468846284
17	1596.5086432122139
18	1434.7718134634727
19	1337.0402781910432
20	1377.816662709213
21	1380.7015096503887
22	1343.6064104215616
23	1474.8275839190017
24	1552.7790765963387
25	1769.3306191008423
26	2047.7959035740153
27	2384.853421124006
