Gaussian Denoiser Window Size: 2
Predicted sites number: 4
Predicted nucleotides number: 5

Site#1:
1
3
Site#2:
12
Site#3:
21
Site#4:
30

extremaRank	extremaLoc	extremaNt	extremaNDS_gd
1	12	12	2162.39
2	30	30	2167.29
3	21	21	3802.27
4	1	1	3802.71
5	3	3	3928.82

Gaussian Denoised Signal:
1	1	3802.71
2	2	3868.83
3	3	3928.82
4	4	3844.69
5	5	3628.21
6	6	3314.12
7	7	2964.37
8	8	2674.7
9	9	2455.24
10	10	2319.22
11	11	2229.43
12	12	2162.39
13	13	2176.85
14	14	2257.6
15	15	2407.31
16	16	2612.92
17	17	2893.57
18	18	3229.1
19	19	3527.69
20	20	3729.82
21	21	3802.27
22	22	3734.13
23	23	3535.52
24	24	3238.81
25	25	2902.68
26	26	2618.51
27	27	2410.58
28	28	2261.29
29	29	2181.06
30	30	2167.29
31	31	2237.87
32	32	2328.65
33	33	2463.48
34	34	2693.04
35	35	3000.04
====================

