"nt"	"nds"
1	2073.6260374995345
2	1766.756994967712
3	1518.5183033826227
4	1434.7587678211598
5	1320.4530938479866
6	1215.1965984769795
7	1170.3497492659915
8	1185.5790370555496
9	1260.929020144439
10	1396.6776908692177
11	1593.7319552992974
12	1880.6219191814084
13	2125.7338934292566
14	2125.3709681853074
15	1879.866378014789
16	1593.3759791672055
17	1396.3348320193409
18	1260.6301111979865
19	1185.3983363379768
20	1170.472535083455
21	1216.1665303054408
22	1324.0670928202103
23	1502.678381055119
24	1750.8202267267213
25	2058.809666078179
