Gaussian Denoiser Window Size: 2
Predicted sites number: 6
Predicted nucleotides number: 7

Site#1:
1
Site#2:
8
Site#3:
14
Site#4:
20
Site#5:
23
24
Site#6:
27

extremaRank	extremaLoc	extremaNt	extremaNDS_gd
1	20	20	1348.55
2	8	8	1352.31
3	24	24	1520.36
4	23	23	1523.04
5	27	27	2152.61
6	1	1	2313.33
7	14	14	2355.86

Gaussian Denoised Signal:
1	1	2313.33
2	2	2146.85
3	3	1844.69
4	4	1607.5
5	5	1508.02
6	6	1491.82
7	7	1433.26
8	8	1352.31
9	9	1354.39
10	10	1474.71
11	11	1662.73
12	12	1928.77
13	13	2219.67
14	14	2355.86
15	15	2222.56
16	16	1931.61
17	17	1664.48
18	18	1476.26
19	19	1355.44
20	20	1348.55
21	21	1425.01
22	22	1491.31
23	23	1523.04
24	24	1520.36
25	25	1613.5
26	26	1850.66
27	27	2152.61
====================

