"nt"	"nds"
1	2313.3277704073234
2	1980.3810650023702
3	1709.0070440909233
4	1505.9997037111214
5	1510.0398483342
6	1473.5972490514482
7	1392.9142041754362
8	1311.700613301794
9	1397.0857344432284
10	1552.3351735728816
11	1773.1156170753543
12	2084.428473019223
13	2354.9160300127787
14	2356.808792215044
15	2088.3147673332883
16	1774.9099529640068
17	1554.0527466779038
18	1398.4666092218997
19	1312.410920540046
20	1384.6892750566192
21	1465.3257273995985
22	1517.302329889551
23	1528.7736763680882
24	1511.9559835066086
25	1715.041517159508
26	1986.2811632589096
27	2318.9303233963265
