"nt"	"nds"
1	3064.5651839531774
2	2667.794983627463
3	2328.9006842667977
4	2049.6791318280384
5	1831.0401732464093
6	1673.9606154960045
7	1580.9014563323617
8	1598.7111448802357
9	1609.2160920871577
10	1604.67786244014
11	1588.244049720844
12	1685.5723889852527
13	1848.2402856439185
14	2076.9512300011534
15	2383.548937185963
16	2731.7700487943557
17	2937.4351042966614
18	2920.5032608284855
19	2688.6222335678776
20	2336.7230153735727
21	2057.0525488547637
22	1826.7580398224418
23	1663.2889175912571
24	1568.9167281912291
25	1565.0993337217888
26	1653.4328764138431
27	1810.6231973056072
28	2030.5842541062684
29	2311.292337464548
30	2651.578439252281
31	3049.58992460802
