"nt"	"nds"
1	3681.78173880856
2	3239.5085639378603
3	2855.0465377139467
4	2530.2049292987754
5	2265.972927737557
6	2064.001523461538
7	2042.1229787829259
8	1991.2239362530347
9	1927.2263337980385
10	1894.5547160606234
11	1925.197249030735
12	2021.4034105196595
13	2199.6142525749196
14	2460.273103953256
15	2788.4713299473106
16	3194.9013370083726
17	3571.50965083606
18	3591.4704297301582
19	3237.485010539272
20	2809.6667257640524
21	2482.2681599868247
22	2218.998307310943
23	2185.853787900919
24	2109.2914746353085
25	2013.329360738876
26	1920.7624694203137
27	1891.428049162016
28	1927.7891793918373
29	2045.954193726328
30	2245.5483127815182
31	2510.5996962897993
32	2836.9232791713466
33	3222.86446868452
34	3666.4696080787544
