"nt"	"nds"
1	1518.4059700774023
2	1558.8307872349499
3	1495.901094265039
4	1344.3236986631618
5	1149.0349658315024
6	997.0175024798015
7	912.0959240346264
8	901.8324045336927
9	1007.6042475597253
10	1155.5672927557114
11	1296.1173279690988
12	1402.646051320829
13	1460.7258182844114
14	1463.5937587069704
15	1410.8872265092723
16	1308.629131476741
17	1170.206137147297
18	1020.5572684547292
19	907.2658345760375
20	919.1716805012355
21	1006.7933445968855
22	1176.7261373272854
