"nt"	"nds"
1	3329.228679894899
2	2905.2860453624335
3	2542.1455721059583
4	2245.8651189010466
5	2196.974113499452
6	2073.428345822557
7	1898.7549036255818
8	1754.8751671853859
9	1728.929182227503
10	1777.643739272448
11	1919.868244273649
12	2155.23619091993
13	2462.606906826086
14	2843.797092640064
15	3210.3397534727396
16	3244.4317199960306
17	2916.385324325295
18	2498.679559999475
19	2192.718636293166
20	1953.7295314654007
21	1946.5108089179305
22	1911.4322186425138
23	1849.7661834417406
24	1779.7705615535324
25	1736.1043510037152
26	1762.9574299057692
27	1919.800484592167
28	2097.8295539389514
29	2215.3617935019583
30	2252.689263616068
31	2548.4670475337525
32	2911.153606925724
33	3334.692194700827
