"nt"	"nds"
1	2632.722991426317
2	2266.786112093614
3	1959.0296207669421
4	1711.4423745385589
5	1525.352377977823
6	1403.448955754906
7	1414.5625268788983
8	1414.7188067797128
9	1398.6248539217409
10	1372.604786420518
11	1440.7290974075986
12	1574.1147704188813
13	1773.428135645677
14	2053.621336135729
15	2371.0675741460504
16	2558.929826262299
17	2545.6435435151543
18	2337.1300271134523
19	2016.7106950071507
20	1757.7297154838952
21	1557.1617695792597
22	1423.3337766750437
23	1358.4022664833024
24	1384.3759384540149
25	1502.2842053157212
26	1688.9051083978807
27	1938.1037989527927
28	2247.5633349142204
29	2615.0615941112846
