Gaussian Denoiser Window Size: 2
Predicted sites number: 7
Predicted nucleotides number: 8

Site#1:
6
7
Site#2:
12
Site#3:
24
Site#4:
39
Site#5:
53
Site#6:
67
Site#7:
76

extremaRank	extremaLoc	extremaNt	extremaNDS_gd
1	39	39	7680.79
2	67	67	7792.5
3	12	12	7882.14
4	6	6	8055.77
5	7	7	8060.6
6	76	76	12447.01
7	24	24	15029.12
8	53	53	15145.3

Gaussian Denoised Signal:
1	1	10558.8
2	2	10170.06
3	3	9439
4	4	8805.22
5	5	8282.14
6	6	8055.77
7	7	8060.6
8	8	8051.56
9	9	8025.64
10	10	7984.36
11	11	7933.39
12	12	7882.14
13	13	8021.07
14	14	8397.45
15	15	8865.49
16	16	9413.68
17	17	10037.24
18	18	10756.74
19	19	11428.32
20	20	12140.75
21	21	12984.25
22	22	13909.43
23	23	14739.35
24	24	15029.12
25	25	14641.07
26	26	13767.92
27	27	12883.51
28	28	12081.6
29	29	11335.8
30	30	10662.8
31	31	9973.78
32	32	9349.39
33	33	8801.38
34	34	8335.54
35	35	7964.25
36	36	7799.91
37	37	7782.37
38	38	7737.85
39	39	7680.79
40	40	7762.85
41	41	8025.74
42	42	8379.61
43	43	8801.79
44	44	9294.99
45	45	9722.84
46	46	10212.54
47	47	10913.24
48	48	11689.03
49	49	12409.07
50	50	13202.52
51	51	14134.07
52	52	14858.45
53	53	15145.3
54	54	14909.36
55	55	14217.76
56	56	13287.69
57	57	12462.04
58	58	11718.39
59	59	10943.29
60	60	10243.29
61	61	9776.77
62	62	9373.3
63	63	8858.44
64	64	8413.9
65	65	8062.32
66	66	7803.18
67	67	7792.5
68	68	7949.55
69	69	8236.21
70	70	8747.55
71	71	9374.16
72	72	10100.23
73	73	10855.29
74	74	11689.64
75	75	12381.19
76	76	12447.01
====================

