"nt"	"nds"
1	10558.800554128436
2	9781.314797262503
3	9096.69260427191
4	8513.742200523498
5	8050.544733215193
6	8060.988080676579
7	8060.21848511088
8	8042.8950202298765
9	8008.3770804356
10	7960.340933387456
11	7906.442987540837
12	7857.839423490057
13	8184.306351410675
14	8610.590189645542
15	9120.390432692991
16	9706.97313184811
17	10367.50843803925
18	11145.9760565235
19	11710.668806673202
20	12570.838728233284
21	13397.65497834468
22	14421.211466354614
23	15057.48547648883
24	15000.758335662864
25	14281.388263901836
26	13254.458137733156
27	12512.559408008598
28	11650.6317688162
29	11020.975254869587
30	10304.634565648012
31	9642.928582891049
32	9055.850244734922
33	8546.918893976614
34	8124.1636148183
35	7804.333485614734
36	7795.484932118437
37	7769.247332647387
38	7706.4527372124185
39	7655.123738773552
40	7870.585231691593
41	8180.89731283299
42	8578.314592473644
43	9025.263634448429
44	9564.722491388706
45	9880.947744962574
46	10544.132084896159
47	11282.342954357426
48	12095.71346796362
49	12722.435178190086
50	13682.600300398808
51	14585.532825094482
52	15131.363972298452
53	15159.235823161533
54	14659.49201956662
55	13776.02091003638
56	12799.35904186457
57	12124.72826765529
58	11312.052335709555
59	10574.527909374565
60	9912.04865198994
61	9641.495713521908
62	9105.109374529738
63	8611.772773972978
64	8216.03158840238
65	7908.607203839691
66	7697.749407078931
67	7887.252440858555
68	8011.853578314019
69	8460.576415115538
70	9034.533026105299
71	9713.78334994079
72	10486.674884896896
73	11223.905793780446
74	12155.371869550596
75	12607.002395733867
76	12287.009587270184
