"nt"	"nds"
1	1791.148099817939
2	1512.309079126109
3	1290.9480941600752
4	1128.7510232627492
5	1026.490756734876
6	984.9987888329556
7	1006.107832491813
8	1115.0473690727422
9	1184.1369305984929
10	1405.7401527406894
11	1635.2933780210947
12	1726.3634860579166
13	1635.2933780210947
14	1405.7401527406894
15	1184.1369305984929
16	1115.0473690727422
17	1006.1078324918129
18	984.9987888329555
19	1026.490756734876
20	1128.7510232627492
21	1290.9480941600752
22	1512.309079126109
23	1791.148099817939
