"nt"	"nds"
1	11647.07055627649
2	10480.601035482723
3	9648.029704994811
4	8887.5060459259
5	8204.199030411666
6	7604.03226021683
7	7095.287132541297
8	6692.2312447914455
9	6736.817650882827
10	6778.27324381542
11	6794.725197647649
12	6780.55947277153
13	6744.17726145035
14	6709.489887562474
15	7121.377919823911
16	7639.054201925759
17	8245.89983275857
18	8936.285190310145
19	9543.524972170724
20	10405.278651893963
21	11110.650165244226
22	11384.477395929125
23	11130.567524146674
24	10436.913139028187
25	9571.942395530437
26	8947.069851580147
27	8256.338314579216
28	7648.164095527318
29	7127.689919427192
30	6711.359326944712
31	6740.098225267397
32	6778.209363804945
33	6812.190218441597
34	6833.288544317814
35	6836.498039027964
36	6819.870870014784
37	6784.239652950307
38	6733.198987276829
39	6673.4964317810245
40	6615.428878110576
41	6574.005184738135
42	6931.077428503813
43	7387.559841665966
44	7928.961270799295
45	8549.363294741072
46	9247.872768225976
47	9884.954930608368
48	10755.542991723578
49	11446.760359218144
50	11690.896845350846
51	11403.508750611758
52	10687.013806076155
53	9823.089826020696
54	9224.002414463757
55	8525.566115501957
56	7906.241296933856
57	7367.774442611254
58	6917.374971546281
59	6569.139175304682
60	6651.536727462843
61	6695.846263586737
62	6677.0131106504
63	7075.454449257816
64	7581.1990756193245
65	8180.296276237951
66	8863.87523017847
67	9625.800936409181
68	10461.413773657543
