Gaussian Denoiser Window Size: 2
Predicted sites number: 10
Predicted nucleotides number: 11

Site#1:
1
Site#2:
9
Site#3:
12
14
Site#4:
23
Site#5:
31
Site#6:
35
Site#7:
41
Site#8:
50
Site#9:
60
Site#10:
68

extremaRank	extremaLoc	extremaNt	extremaNDS_gd
1	41	41	6594.72
2	60	60	6610.34
3	9	9	6714.52
4	31	31	6725.73
5	14	14	6726.83
6	12	12	6787.64
7	35	35	6834.89
8	68	68	10043.61
9	23	23	11257.52
10	50	50	11568.83
11	1	1	11647.07

Gaussian Denoised Signal:
1	1	11647.07
2	2	11063.84
3	3	10064.32
4	4	9267.77
5	5	8545.85
6	6	7904.12
7	7	7349.66
8	8	6893.76
9	9	6714.52
10	10	6757.55
11	11	6786.5
12	12	6787.64
13	13	6762.37
14	14	6726.83
15	15	6915.43
16	16	7380.22
17	17	7942.48
18	18	8591.09
19	19	9239.91
20	20	9974.4
21	21	10757.96
22	22	11247.56
23	23	11257.52
24	24	10783.74
25	25	10004.43
26	26	9259.51
27	27	8601.7
28	28	7952.25
29	29	7387.93
30	30	6919.52
31	31	6725.73
32	32	6759.15
33	33	6795.2
34	34	6822.74
35	35	6834.89
36	36	6828.18
37	37	6802.06
38	38	6758.72
39	39	6703.35
40	40	6644.46
41	41	6594.72
42	42	6752.54
43	43	7159.32
44	44	7658.26
45	45	8239.16
46	46	8898.62
47	47	9566.41
48	48	10320.25
49	49	11101.15
50	50	11568.83
51	51	11547.2
52	52	11045.26
53	53	10255.05
54	54	9523.55
55	55	8874.78
56	56	8215.9
57	57	7637.01
58	58	7142.57
59	59	6743.26
60	60	6610.34
61	61	6673.69
62	62	6686.43
63	63	6876.23
64	64	7328.33
65	65	7880.75
66	66	8522.09
67	67	9244.84
68	68	10043.61
====================

