"nt"	"nds"
1	1793.0621854936967
2	1597.249886519437
3	1296.008113095947
4	1081.7576711851
5	932.4939861589776
6	871.0457927835148
7	902.3815273612097
8	1002.4080683537636
9	1166.5506693853308
10	1418.7867846853064
11	1638.915398287461
12	1647.8597935709577
13	1437.8962875961756
14	1176.0925214620156
15	1012.4358879527117
16	911.73947654631
17	875.564135700547
18	905.9767640968159
19	937.7559191520912
20	957.8656879540948
21	962.0543799059271
22	1113.5610066714848
23	1329.323511925206
