Gaussian Denoiser Window Size: 2
Predicted sites number: 6
Predicted nucleotides number: 7

Site#1:
1
Site#2:
7
8
Site#3:
14
Site#4:
23
Site#5:
32
Site#6:
41

extremaRank	extremaLoc	extremaNt	extremaNDS_gd
1	32	32	2877.85
2	14	14	2881.96
3	7	7	3337.92
4	8	8	3353.09
5	41	41	5116.24
6	1	1	5410.14
7	23	23	5494.84

Gaussian Denoised Signal:
1	1	5410.14
2	2	5138.92
3	3	4626.14
4	4	4174.03
5	5	3785.53
6	6	3465.62
7	7	3337.92
8	8	3353.09
9	9	3331.96
10	10	3263.94
11	11	3154.54
12	12	3023.62
13	13	2906.6
14	14	2881.96
15	15	2968.7
16	16	3151.12
17	17	3341.77
18	18	3564.65
19	19	3902.22
20	20	4303.2
21	21	4778.57
22	22	5267.94
23	23	5494.84
24	24	5257.76
25	25	4768.42
26	26	4296.47
27	27	3895.26
28	28	3557.54
29	29	3330.9
30	30	3140.51
31	31	2962.73
32	32	2877.85
33	33	2928.11
34	34	3086.88
35	35	3221.7
36	36	3285.3
37	37	3440.5
38	38	3760.23
39	39	4149.26
40	40	4602.34
41	41	5116.24
====================

