"nt"	"nds"
1	9502.732930463017
2	8708.847994740292
3	7992.1658551228065
4	7359.887052235305
5	6821.043471282639
6	6390.61806955483
7	6424.229397868497
8	6447.166143833316
9	6442.598357637074
10	6408.942626598729
11	6357.1330694581875
12	6312.118092484552
13	6701.235382519684
14	7192.4259575250435
15	7770.126137959569
16	8429.211607652904
17	9019.929494090362
18	9847.817407475733
19	10518.480819914303
20	10772.457526672843
21	10522.036786678735
22	9854.060219061186
23	9025.938833602164
24	8431.525743447963
25	7772.21658942581
26	7193.699200107919
27	6700.5882947339305
28	6308.358039233972
29	6339.540540509469
30	6382.7373600344545
31	6421.949052780256
32	6447.019032249919
33	6452.1751910530775
34	6435.212094368367
35	6397.02158052106
36	6341.740713668111
37	6276.9223658527
38	6214.634466038233
39	6172.557789260172
40	6507.243412414428
41	6937.9345135613785
42	7451.166953265898
43	8041.464379329583
44	8708.182025874912
45	9312.0097057773
46	10145.147307651841
47	10812.257649810363
48	11055.784317742742
49	10791.376377260407
50	10111.727032303492
51	9281.529758980476
52	8696.43915902438
53	8029.843854426477
54	7440.5548715532905
55	6929.820329361329
56	6504.282942465241
57	6177.064965662739
58	6284.011715334765
59	6363.696589489233
60	6373.507296125518
61	6798.905729708206
62	7334.274047693754
63	7964.998263342375
64	8681.287126130366
65	9475.445724751022
