Gaussian Denoiser Window Size: 2
Predicted sites number: 7
Predicted nucleotides number: 9

Site#1:
1
Site#2:
20
Site#3:
38
Site#4:
44
45
Site#5:
58
Site#6:
71
73
Site#7:
77

extremaRank	extremaLoc	extremaNt	extremaNDS_gd
1	1	1	9672.73
2	38	38	9675.8
3	77	77	10163.75
4	45	45	10576.65
5	44	44	10586.69
6	71	71	10615.66
7	73	73	10694.69
8	20	20	18674.98
9	58	58	18725.73

Gaussian Denoised Signal:
1	1	9672.73
2	2	9695.37
3	3	9781.19
4	4	9946.9
5	5	10194.11
6	6	10484.99
7	7	10868.25
8	8	11381.19
9	9	11927.64
10	10	12429.93
11	11	12832.66
12	12	13104.65
13	13	13242.9
14	14	13651.32
15	15	14433.65
16	16	15291.38
17	17	16218.18
18	18	17209.61
19	19	18200.06
20	20	18674.98
21	21	18186.94
22	22	17196.59
23	23	16209.56
24	24	15282.43
25	25	14424.33
26	26	13641.6
27	27	13223.48
28	28	13067.43
29	29	12780.89
30	30	12368.53
31	31	11863.13
32	32	11321.42
33	33	10821.66
34	34	10459.31
35	35	10180.08
36	36	9931.59
37	37	9764.04
38	38	9675.8
39	39	9732.89
40	40	9940.84
41	41	10192.37
42	42	10407.59
43	43	10541.41
44	44	10586.69
45	45	10576.65
46	46	10757.34
47	47	11183.88
48	48	11688.94
49	49	12236.48
50	50	12847.07
51	51	13379.26
52	52	13966.22
53	53	14778.68
54	54	15659.01
55	55	16517.79
56	56	17455.98
57	57	18354.81
58	58	18725.73
59	59	18384.39
60	60	17498.69
61	61	16548.32
62	62	15677.05
63	63	14797.38
64	64	13985.62
65	65	13413.65
66	66	12897.28
67	67	12272.83
68	68	11710.47
69	69	11205.59
70	70	10778.91
71	71	10615.66
72	72	10670.06
73	73	10694.69
74	74	10659.45
75	75	10552.69
76	76	10380.05
77	77	10163.75
====================

