"nt"	"nds"
1	11343.690234965048
2	10678.036214967184
3	10081.840885971209
4	9551.003005189219
5	9083.694036529274
6	8679.259572732652
7	8338.17719257381
8	8062.274557327284
9	7856.710348509003
10	7918.035521021709
11	7913.9146307783485
12	7797.164854976656
13	7657.857969309911
14	7746.498619496516
15	7957.323060209766
16	8077.129073179966
17	8354.568424667637
18	8696.253613205443
19	8928.393959943993
20	9132.802159126693
21	9624.665341566964
22	9981.585654855095
23	10215.75946162011
24	10857.85929171924
25	11594.502091807633
26	12148.46440083087
27	12967.506150453019
28	13869.591878979909
29	14679.622764089689
30	14646.259193338985
31	13800.742338917125
32	12934.01748342913
33	12113.300453760943
34	11520.110338876286
35	10820.51014255438
36	10179.931556943018
37	9612.85960624133
38	9119.936653680576
39	8701.492073222373
40	8356.43774389785
41	8078.144705219445
42	7958.948365951887
43	7746.860905212404
44	7657.31878846549
45	7771.591507218835
46	7892.306394222818
47	7944.469953239507
48	7916.599395248418
49	7858.722420863059
50	8064.962038720182
51	8340.92085928501
52	8681.511365580845
53	9085.055234227295
54	9551.059121039336
55	10079.929263769458
56	10673.033851093962
57	11334.531280898638
58	11792.511935359178
59	12539.33454573802
60	13363.413682096123
61	14084.179752206124
62	14569.58376578982
63	14740.893768539345
64	14572.025497340646
65	14089.882829491557
66	13374.307372865012
67	12557.769277507474
