Gaussian Denoiser Window Size: 2
Predicted sites number: 7
Predicted nucleotides number: 9

Site#1:
10
11
Site#2:
14
Site#3:
30
Site#4:
44
Site#5:
48
49
Site#6:
64
Site#7:
67

extremaRank	extremaLoc	extremaNt	extremaNDS_gd
1	44	44	7702.09
2	14	14	7702.18
3	10	10	7887.37
4	49	49	7887.66
5	11	11	7915.98
6	48	48	7930.53
7	67	67	12966.04
8	64	64	14656.46
9	30	30	14662.94

Gaussian Denoised Signal:
1	1	11343.69
2	2	11010.86
3	3	10379.94
4	4	9816.42
5	5	9317.35
6	6	8881.48
7	7	8508.72
8	8	8200.23
9	9	7959.49
10	10	7887.37
11	11	7915.98
12	12	7855.54
13	13	7727.51
14	14	7702.18
15	15	7851.91
16	16	8017.23
17	17	8215.85
18	18	8525.41
19	19	8812.32
20	20	9030.6
21	21	9378.73
22	22	9803.13
23	23	10098.67
24	24	10536.81
25	25	11226.18
26	26	11871.48
27	27	12557.99
28	28	13418.55
29	29	14274.61
30	30	14662.94
31	31	14223.5
32	32	13367.38
33	33	12523.66
34	34	11816.71
35	35	11170.31
36	36	10500.22
37	37	9896.4
38	38	9366.4
39	39	8910.71
40	40	8528.96
41	41	8217.29
42	42	8018.55
43	43	7852.9
44	44	7702.09
45	45	7714.46
46	46	7831.95
47	47	7918.39
48	48	7930.53
49	49	7887.66
50	50	7961.84
51	51	8202.94
52	52	8511.22
53	53	8883.28
54	54	9318.06
55	55	9815.49
56	56	10376.48
57	57	11003.78
58	58	11563.52
59	59	12165.92
60	60	12951.37
61	61	13723.8
62	62	14326.88
63	63	14655.24
64	64	14656.46
65	65	14330.95
66	66	13732.1
67	67	12966.04
====================

