"nt"	"nds"
1	10436.231328192478
2	9591.223265747234
3	8818.56270444828
4	8123.6446760358795
5	7512.4020536511225
6	6993.29041897964
7	6580.801089978603
8	6622.575837007589
9	6658.428346806967
10	6668.102004718043
11	6647.33430095126
12	6605.447061658558
13	6566.842205264773
14	6971.673201987654
15	7480.997562499388
16	8078.615118565815
17	8758.98951804748
18	9361.55519986112
19	10212.548986866123
20	10906.313975472043
21	11172.971537789172
22	10919.527470338058
23	10233.823049493369
24	9380.832108021908
25	8766.324339382913
26	8085.606408062771
27	7486.873700684737
28	6975.050361415223
29	6566.247982278718
30	6595.360632448167
31	6634.669823883821
32	6669.903988609796
33	6691.868490657297
34	6695.322162592555
35	6678.257687284086
36	6641.535374360261
37	6588.906759904852
38	6527.374451980892
39	6467.829958746982
40	6426.133891795607
41	6775.3825959761125
42	7223.004353145066
43	7754.850183287699
44	8365.051522769956
45	9052.895328217546
46	9678.761215064538
47	10536.830263702952
48	11220.033890111828
49	11464.119102758646
50	11184.531905899968
51	10480.40248881635
52	9627.681230283153
53	9033.147040816997
54	8345.421104244146
55	7736.194635331086
56	7207.102835340824
57	6765.267648238939
58	6424.367709978157
59	6515.4167285025815
60	6572.2727852877215
61	6564.051029140857
62	6971.679305564424
63	7487.422983181472
64	8097.165461239011
65	8791.70648679716
66	9564.631046717883
67	10410.2638928606
