"nt"	"nds"
1	1778.877905891403
2	1501.6183503591246
3	1282.379080335929
4	1123.1721075415346
5	1025.4049955109954
6	991.277295575763
7	1025.8809406054058
8	1162.1566265801398
9	1344.2933119433753
10	1507.953447936987
11	1618.1035578402002
12	1656.6948722585864
13	1618.1035578402004
14	1507.9534479369868
15	1344.2933119433753
16	1162.1566265801396
17	1025.8809406054056
18	991.2772955757631
19	1025.4049955109954
20	1123.1721075415344
21	1282.3790803359293
22	1501.6183503591249
23	1778.8779058914033
