"nt"	"nds"
1	11996.592991439175
2	11152.327362670945
3	10411.036919403341
4	9785.747364615805
5	9293.92482192478
6	9168.219510865343
7	8961.373900242263
8	8774.778607235236
9	8933.250610620828
10	9181.88990835244
11	9513.415272017399
12	9930.667771075114
13	10817.881952390559
14	11547.034472982117
15	12297.082498807897
16	13127.559969681726
17	14029.386090511149
18	15000.184104806118
19	15871.633045673898
20	16989.728697393657
21	17543.947752447013
22	17176.838605857403
23	16113.57465285399
24	15106.051492555816
25	14139.602103897214
26	13241.043505884281
27	12411.011599374124
28	11656.03298541881
29	11616.294413855607
30	11512.62431173179
31	11343.959438382763
32	11117.581419740301
33	10849.03667170111
34	10561.134093162485
35	10283.2356924887
36	10048.867734477824
37	9893.17952104284
38	9488.362304144832
39	9162.685770076221
40	8915.140821798856
41	8754.651036026029
42	8844.897245068776
43	8979.148184685972
44	9105.683014954517
45	9192.148744570879
46	9227.898099344171
47	9223.922720798917
48	9212.388168761629
49	9583.002733383388
50	10047.76433556214
51	10596.687144492926
52	11161.537751175507
53	11847.119120001966
54	12255.25420554665
55	13058.171672025355
56	13932.380413948678
57	14876.623563853962
58	15702.711503312235
59	16810.1899534377
60	17562.022812068037
61	17586.573018555442
62	16870.053028379712
63	15762.758184069928
64	14900.586790818907
65	13956.572299117133
66	13082.4493323304
67	12279.538576108685
68	11906.081169147936
69	11221.060795127694
70	10620.95660655625
71	10072.509759311559
72	9609.361050075318
73	9242.522430293906
74	9311.408034706486
75	9356.614218601671
76	9345.96043208069
77	9833.658614880605
78	10456.349075719854
79	11195.752126424955
80	12038.617089179947
