Gaussian Denoiser Window Size: 2
Predicted sites number: 10
Predicted nucleotides number: 10

Site#1:
1
Site#2:
8
Site#3:
16
Site#4:
35
Site#5:
61
Site#6:
70
Site#7:
73
Site#8:
94
Site#9:
120
Site#10:
123

extremaRank	extremaLoc	extremaNt	extremaNDS_gd
1	120	120	19637.66
2	61	61	19656.9
3	123	123	19932.17
4	1	1	20542.35
5	16	16	20672.81
6	73	73	21166.18
7	70	70	22413.21
8	8	8	24423.17
9	35	35	40996.46
10	94	94	42482.6

Gaussian Denoised Signal:
1	1	20542.35
2	2	20877.81
3	3	21612.15
4	4	22417.62
5	5	23185.59
6	6	23820.02
7	7	24247.76
8	8	24423.17
9	9	24330.1
10	10	23982.84
11	11	23425.83
12	12	22730.52
13	13	21987.56
14	14	21292.53
15	15	20714.53
16	16	20672.81
17	17	21192.49
18	18	21819.67
19	19	22282.72
20	20	22822.73
21	21	23657.36
22	22	24569.87
23	23	25554.89
24	24	26610.24
25	25	27737.1
26	26	28945.86
27	27	30149.14
28	28	31429.9
29	29	32559.57
30	30	33742.9
31	31	35293.08
32	32	36909.64
33	33	38575.49
34	34	40213.83
35	35	40996.46
36	36	40171.2
37	37	38534.26
38	38	36883.73
39	39	35267.39
40	40	33717.34
41	41	32515.87
42	42	31366.57
43	43	30099.2
44	44	29375
45	45	28969.9
46	46	28475.34
47	47	27644.63
48	48	26522.04
49	49	25468.06
50	50	24483.78
51	51	23572.11
52	52	22738.54
53	53	22139.02
54	54	21611.52
55	55	21038.75
56	56	20561.41
57	57	20248.24
58	58	20062.65
59	59	19861.54
60	60	19711.3
61	61	19656.9
62	62	19693.4
63	63	19819.45
64	64	20001.79
65	65	20237.41
66	66	20521.21
67	67	20790.1
68	68	21199.7
69	69	21903.43
70	70	22413.21
71	71	22202.57
72	72	21520.96
73	73	21166.18
74	74	21193.66
75	75	21487.6
76	76	22115.65
77	77	22829.05
78	78	23618.39
79	79	24480.5
80	80	25436.5
81	81	26322.91
82	82	27124.3
83	83	28191.05
84	84	29488.58
85	85	30631.91
86	86	31358.73
87	87	32287.1
88	88	33708.55
89	89	35200.54
90	90	36758.38
91	91	38380.46
92	92	40047.12
93	93	41689.06
94	94	42482.6
95	95	41662.33
96	96	40020.47
97	97	38362.69
98	98	36739.71
99	99	35180.74
100	100	33687.26
101	101	32263.78
102	102	31367.37
103	103	30778.25
104	104	29870.28
105	105	28780.35
106	106	27717.71
107	107	26932.93
108	108	26232.68
109	109	25346.32
110	110	24420.81
111	111	23558.95
112	112	22770.81
113	113	22059.94
114	114	21434.74
115	115	21023.7
116	116	20640.61
117	117	20140.39
118	118	19811.59
119	119	19677.82
120	120	19637.66
121	121	19693.95
122	122	19859.06
123	123	19932.17
====================

