"nt"	"nds"
1	20542.34728658863
2	21213.267654197112
3	22011.03565230779
4	22824.202349264233
5	23546.96946287548
6	24093.073466252656
7	24402.44689774975
8	24443.896181578006
9	24216.29963600693
10	23749.389515922805
11	23102.27023327364
12	22358.76471956203
13	21616.35600870527
14	20968.696389266577
15	20460.361080960425
16	20885.251723125664
17	21499.722539138227
18	22139.62572426882
19	22425.811425457912
20	23219.654345308136
21	24095.06988755688
22	25044.67305594811
23	26065.105288288672
24	27155.38230351764
25	28318.824877437735
26	29572.89052121247
27	30725.393392384707
28	32134.405365917468
29	32984.72913675982
30	34501.06576207299
31	36085.103609145466
32	37734.17860407391
33	39416.80048697777
34	41010.85223673463
35	40982.077395814704
36	39360.32048934278
37	37708.204010375746
38	36059.262647483025
39	34475.519180040785
40	32959.16974719636
41	32072.57746422762
42	30660.558098082205
43	29537.84159226043
44	29212.15163642923
45	28727.640434015353
46	28223.046820891377
47	27066.21657638164
48	25977.860625302168
49	24958.251009201733
50	24009.310102235253
51	23134.900833574957
52	22342.182162112545
53	21935.857972239806
54	21287.18004990622
55	20790.32195375547
56	20332.489887630945
57	20163.980406871953
58	19961.313517180923
59	19761.775700206035
60	19660.820407067255
61	19652.987873081613
62	19733.804467069993
63	19905.0980472649
64	20098.49002264218
65	20376.335710326435
66	20666.082795120477
67	20914.10994566843
68	21485.281638537093
69	22321.582526752994
70	22504.8450536961
71	21900.299332915005
72	21141.62140986053
73	21190.732985635612
74	21196.579179401982
75	21778.624086791722
76	22452.682516518365
77	23205.422972682543
78	24031.35350431072
79	24929.64754094088
80	25943.347875376672
81	26702.470404556858
82	27546.136300314374
83	28835.956075078888
84	30141.20869188718
85	31122.601768401273
86	31594.8523019846
87	32979.35516747037
88	34437.743068644515
89	35963.33270039418
90	37553.432273831844
91	39207.48115238198
92	40886.76638486861
93	42491.351219676086
94	42473.83895404173
95	40850.820639560894
96	39190.12351743234
97	37535.25050443661
98	35944.16685145388
99	34417.32246272231
100	32957.18850126821
101	31570.372841129298
102	31164.368881150447
103	30392.12992654524
104	29348.434313443286
105	28212.271898505063
106	27223.151562217136
107	26642.71732811092
108	25822.64900969752
109	24869.992346128933
110	23971.63211884859
111	23146.26215391131
112	22395.364149008063
113	21724.521678418758
114	21144.958016294295
115	20902.448922778327
116	20378.77243923617
117	19902.003115213713
118	19721.171652704565
119	19634.46058378676
120	19640.85584741897
121	19747.042245745033
122	19971.073410342113
123	19893.270695098403
