"nt"	"nds"
1	12421.591168497187
2	11544.588684103845
3	10758.34476011197
4	10071.020602665469
5	9493.327699700978
6	9041.314134611
7	8978.400833618989
8	8843.043141721466
9	8702.528298334477
10	8931.329885468456
11	9253.927970950002
12	9659.425153038914
13	10144.873697251398
14	10749.823953654452
15	11453.367300495895
16	11835.450037242283
17	12591.616182083748
18	13420.752873103856
19	14321.772660211993
20	15070.22950999137
21	16136.294514075287
22	17010.994938356325
23	17345.675383971433
24	17019.282038965594
25	16150.66609102991
26	15084.605715687556
27	14327.66450848171
28	13427.193093219801
29	12598.074725429013
30	11841.190819183523
31	11592.482415044062
32	11114.280369343789
33	10544.873412187
34	10127.790653579712
35	9643.776783225907
36	9238.07432200462
37	8913.172926500236
38	8679.758080036334
39	8735.07532468858
40	8815.708418375865
41	8885.521046217837
42	8923.455470959027
43	8924.762142055804
44	8901.456016976927
45	8882.046231650294
46	9213.217957815386
47	9641.078526908073
48	10155.316071618854
49	10696.519877336663
50	11350.62340887319
51	11737.211558083649
52	12511.659035113065
53	13358.761860924886
54	14277.043272537228
55	15086.032804990306
56	16168.001915147677
57	16901.232857155486
58	16923.61391791872
59	16222.165563397803
60	15139.933961158664
61	14298.46434649921
62	13380.148202958702
63	12532.96775219289
64	11758.48785162729
65	11402.11926100211
66	10748.686685233879
67	10176.844378645315
68	9663.681408108327
69	9238.535163206565
70	8912.529425903876
71	9000.219960860864
72	9062.721589768908
73	9064.741468177943
74	9515.298871724666
75	10092.008443434655
76	10778.325995417046
77	11563.237339503637
78	12437.545540151734
79	13678.681430392691
