Gaussian Denoiser Window Size: 2
Predicted sites number: 7
Predicted nucleotides number: 8

Site#1:
9
Site#2:
24
Site#3:
39
Site#4:
43
45
Site#5:
58
Site#6:
71
Site#7:
79

extremaRank	extremaLoc	extremaNt	extremaNDS_gd
1	39	39	8707.42
2	9	9	8772.79
3	45	45	8891.75
4	43	43	8924.11
5	71	71	8956.37
6	79	79	13058.11
7	58	58	16912.42
8	24	24	17182.48

Gaussian Denoised Signal:
1	1	12421.59
2	2	11983.09
3	3	11151.47
4	4	10414.68
5	5	9782.17
6	6	9267.32
7	7	9009.86
8	8	8910.72
9	9	8772.79
10	10	8816.93
11	11	9092.63
12	12	9456.68
13	13	9902.15
14	14	10447.35
15	15	11101.6
16	16	11644.41
17	17	12213.53
18	18	13006.18
19	19	13871.26
20	20	14696
21	21	15603.26
22	22	16573.64
23	23	17178.34
24	24	17182.48
25	25	16584.97
26	26	15617.64
27	27	14706.14
28	28	13877.43
29	29	13012.63
30	30	12219.63
31	31	11716.84
32	32	11353.38
33	33	10829.58
34	34	10336.33
35	35	9885.78
36	36	9440.93
37	37	9075.62
38	38	8796.47
39	39	8707.42
40	40	8775.39
41	41	8850.61
42	42	8904.49
43	43	8924.11
44	44	8913.11
45	45	8891.75
46	46	9047.63
47	47	9427.15
48	48	9898.2
49	49	10425.92
50	50	11023.57
51	51	11543.92
52	52	12124.44
53	53	12935.21
54	54	13817.9
55	55	14681.54
56	56	15627.02
57	57	16534.62
58	58	16912.42
59	59	16572.89
60	60	15681.05
61	61	14719.2
62	62	13839.31
63	63	12956.56
64	64	12145.73
65	65	11580.3
66	66	11075.4
67	67	10462.77
68	68	9920.26
69	69	9451.11
70	70	9075.53
71	71	8956.37
72	72	9031.47
73	73	9063.73
74	74	9290.02
75	75	9803.65
76	76	10435.17
77	77	11170.78
78	78	12000.39
79	79	13058.11
====================

