Gaussian Denoiser Window Size: 2
Predicted sites number: 9
Predicted nucleotides number: 11

Site#1:
1
Site#2:
22
24
25
Site#3:
33
Site#4:
36
Site#5:
40
Site#6:
44
Site#7:
49
Site#8:
63
Site#9:
78

extremaRank	extremaLoc	extremaNt	extremaNDS_gd
1	63	63	9183.25
2	22	22	9204.63
3	25	25	9236.91
4	24	24	9282.94
5	36	36	11614.12
6	44	44	11640.25
7	33	33	12993.63
8	40	40	13886.9
9	49	49	14645.61
10	1	1	17756.74
11	78	78	18338.29

Gaussian Denoised Signal:
1	1	17756.74
2	2	17228.4
3	3	16202.36
4	4	15238.4
5	5	14338.33
6	6	13506.2
7	7	13081.41
8	8	12985.04
9	9	12803.26
10	10	12545.46
11	11	12233.19
12	12	11898.83
13	13	11583.68
14	14	11334.49
15	15	10986.86
16	16	10530.25
17	17	10140.16
18	18	9813.57
19	19	9549.96
20	20	9349.76
21	21	9214.88
22	22	9204.63
23	23	9270.16
24	24	9282.94
25	25	9236.91
26	26	9273.38
27	27	9454.51
28	28	9821.35
29	29	10465.98
30	30	11157.09
31	31	11766.18
32	32	12486.64
33	33	12993.63
34	34	12766.62
35	35	12044.61
36	36	11614.12
37	37	11944.57
38	38	12723.62
39	39	13515.59
40	40	13886.9
41	41	13516.2
42	42	12731.83
43	43	11960.11
44	44	11640.25
45	45	12026.93
46	46	12774.73
47	47	13662.03
48	48	14430.68
49	49	14645.61
50	50	14211.82
51	51	13362.24
52	52	12570.91
53	53	11904.45
54	54	11434.58
55	55	11146.79
56	56	10755.44
57	57	10313.62
58	58	9905.55
59	59	9625.55
60	60	9420.67
61	61	9244.61
62	62	9200.84
63	63	9183.25
64	64	9191.73
65	65	9325.67
66	66	9526.76
67	67	9792.46
68	68	10122.47
69	69	10518.35
70	70	10985.05
71	71	11697.1
72	72	12564.72
73	73	13368.66
74	74	14199.25
75	75	15101.28
76	76	16068.54
77	77	17097.48
78	78	18338.29
====================

