"nt"	"nds"
1	17756.74050020321
2	16700.065251848508
3	15704.660821210737
4	14772.130623254074
5	13904.5293893054
6	13107.87426693314
7	13054.950241520954
8	12915.128942626356
9	12691.38473723601
10	12399.535298331492
11	12066.84127632534
12	11730.817647251244
13	11436.546267466125
14	11232.430096648466
15	10741.294980863118
16	10319.213756413097
17	9961.113365185694
18	9666.027413760457
19	9433.90245599773
20	9265.619858524426
21	9164.135596737955
22	9245.128122272326
23	9295.188632025947
24	9270.685461499996
25	9203.140274990994
26	9343.62468506079
27	9565.394407978793
28	10077.301897990024
29	10854.651292383507
30	11459.527443297653
31	12072.836273041625
32	12900.451814941887
33	13086.807496764708
34	12446.427082495744
35	11642.797400792748
36	11585.435020683597
37	12303.708585762653
38	13143.53503814385
39	13887.65154092662
40	13886.156691774886
41	13146.248254742986
42	12317.402204426278
43	11602.813579777525
44	11677.691155178396
45	12376.166603995662
46	13173.29328554841
47	14150.76741384117
48	14710.598235591437
49	14580.61704304111
50	13843.024889410131
51	12881.462920493414
52	12260.354976276942
53	11548.539275569872
54	11320.615119746486
55	10972.973660341213
56	10537.902882429971
57	10089.33663136553
58	9721.754713488957
59	9529.33855054143
60	9311.998780298996
61	9177.213211851971
62	9224.458661139697
63	9142.03719546914
64	9241.423008936838
65	9409.909973976171
66	9643.602434529137
67	9941.324014289576
68	10303.617023326742
69	10733.082539729094
70	11237.024505758458
71	12157.175927435075
72	12972.261837284836
73	13765.048543437862
74	14633.44755458746
75	15569.114311975767
76	16567.97251658487
77	17626.983191432137
78	19049.5933615294
