Gaussian Denoiser Window Size: 2
Predicted sites number: 7
Predicted nucleotides number: 9

Site#1:
1
Site#2:
22
23
25
Site#3:
33
Site#4:
36
Site#5:
47
Site#6:
64
Site#7:
80

extremaRank	extremaLoc	extremaNt	extremaNDS_gd
1	64	64	9808.16
2	25	25	9841.12
3	22	22	9868.87
4	23	23	9919.37
5	36	36	11706.98
6	33	33	12943
7	47	47	18506.62
8	1	1	18866.05
9	80	80	19457.82

Gaussian Denoised Signal:
1	1	18866.05
2	2	18323.21
3	3	17268.19
4	4	16275.24
5	5	15346.16
6	6	14485
7	7	14044.3
8	8	13943.17
9	9	13753.08
10	10	13484.14
11	11	13158.86
12	12	12810.93
13	13	12482.95
14	14	12222.91
15	15	11855.48
16	16	11368.7
17	17	10948.29
18	18	10591.22
19	19	10296.97
20	20	10065.88
21	21	9899.75
22	22	9868.87
23	23	9919.37
24	24	9909.69
25	25	9841.12
26	26	9849.92
27	27	9995.01
28	28	10306.19
29	29	10809.05
30	30	11307.14
31	31	11808.06
32	32	12478.57
33	33	12943
34	34	12728.43
35	35	12061.22
36	36	11706.98
37	37	11731.96
38	38	11737.98
39	39	12048.49
40	40	12721.7
41	41	13507
42	42	14242.38
43	43	15019.19
44	44	15984.05
45	45	17030.82
46	46	18059.49
47	47	18506.62
48	48	17956.37
49	49	16929.73
50	50	15919.3
51	51	14954.36
52	52	14144.88
53	53	13411
54	54	12661.54
55	55	11990.44
56	56	11615.25
57	57	11436.02
58	58	11156.06
59	59	10800.89
60	60	10435.53
61	61	10154.81
62	62	9958.34
63	63	9817.42
64	64	9808.16
65	65	9826.66
66	66	9869.55
67	67	10034.81
68	68	10266.94
69	69	10563.5
70	70	10924.21
71	71	11350.68
72	72	11847.89
73	73	12592.6
74	74	13499.23
75	75	14339.27
76	76	15198.88
77	77	16129.94
78	78	17126.27
79	79	18184.28
80	80	19457.82
====================

