"nt"	"nds"
1	18866.05023682127
2	17780.368786241484
3	16756.009635868835
4	15794.477998843431
5	14897.841996090223
6	14072.166305997147
7	14016.424457905474
8	13869.918393643078
9	13636.243434902135
10	13332.031616127055
11	12985.684397838611
12	12636.174301202173
13	12329.73229655734
14	12116.090901495436
15	11594.865824372071
16	11142.527927775607
17	10754.053863944026
18	10428.395495937368
19	10165.543170514267
20	9966.211488524199
21	9833.295456044792
22	9904.446886736074
23	9934.30121003483
24	9885.088238449602
25	9797.161157831051
26	9902.673785129875
27	10087.350235030766
28	10525.033774625446
29	11093.073578968573
30	11521.21295472542
31	12094.898919744459
32	12862.246802929245
33	13023.753986935952
34	12433.10738644067
35	11689.331812778995
36	11724.635799880101
37	11739.289707556041
38	11736.660423272006
39	12360.320826821368
40	13083.079509272819
41	13930.923109103645
42	14553.838584099776
43	15484.532787423543
44	16483.571207790792
45	17578.07181785569
46	18540.916275984502
47	18472.31857077306
48	17440.429039093513
49	16419.023007004842
50	15419.575744359398
51	14489.151731528247
52	13800.613555144511
53	13021.386445758057
54	12301.694297202406
55	11679.18670524754
56	11551.306069731498
57	11320.74311653246
58	10991.372410991316
59	10610.40658882001
60	10260.649218579167
61	10048.972864670195
62	9867.713356593056
63	9767.123049839434
64	9849.189930879777
65	9804.12421441522
66	9934.985625744697
67	10134.630799757635
68	10399.25314996104
69	10727.753329611634
70	11120.668092047463
71	11580.684289574712
72	12115.090621331887
73	13070.105398909485
74	13928.35277674551
75	14750.178551986368
76	15647.590946396727
77	16612.28459250437
78	17640.248878713443
79	18728.313349938515
80	20187.318269983796
