Gaussian Denoiser Window Size: 2
Predicted sites number: 7
Predicted nucleotides number: 8

Site#1:
9
Site#2:
23
Site#3:
43
Site#4:
48
49
Site#5:
62
Site#6:
75
Site#7:
83

extremaRank	extremaLoc	extremaNt	extremaNDS_gd
1	43	43	9151.44
2	9	9	9219.37
3	49	49	9531.38
4	48	48	9534.76
5	75	75	9593.76
6	83	83	13828.81
7	23	23	18153.94
8	62	62	18183.45

Gaussian Denoised Signal:
1	1	13148.27
2	2	12690.1
3	3	11820.53
4	4	11048.73
5	5	10384.63
6	6	9842.09
7	7	9550.23
8	8	9402.88
9	9	9219.37
10	10	9220.63
11	11	9448.47
12	12	9766.18
13	13	10170.8
14	14	10860.83
15	15	11714.68
16	16	12495.87
17	17	13322.71
18	18	14226.38
19	19	15201
20	20	16156.45
21	21	17187.36
22	22	18055.82
23	23	18153.94
24	24	17412.37
25	25	16338.83
26	26	15314.22
27	27	14343.58
28	28	13441.84
29	29	12612.69
30	30	12195
31	31	12117.19
32	32	11971.82
33	33	11762.7
34	34	11502.07
35	35	11210.13
36	36	10914
37	37	10646.15
38	38	10441.82
39	39	10142.07
40	40	9746.75
41	41	9432.29
42	42	9203.31
43	43	9151.44
44	44	9250.71
45	45	9366.14
46	46	9461.38
47	47	9517.6
48	48	9534.76
49	49	9531.38
50	50	9719.26
51	51	10151.14
52	52	10676.42
53	53	11253.65
54	54	11902.12
55	55	12469.99
56	56	13098.28
57	57	13967.35
58	58	14908.75
59	59	15824.43
60	60	16823.7
61	61	17783.94
62	62	18183.45
63	63	17823.08
64	64	16878.84
65	65	15862.79
66	66	14930.53
67	67	13989.04
68	68	13119.81
69	69	12506.74
70	70	11954.49
71	71	11290.9
72	72	10698.75
73	73	10175.49
74	74	9747.96
75	75	9593.76
76	76	9647.6
77	77	9658.69
78	78	9886.98
79	79	10426.24
80	80	11087.85
81	81	11857.31
82	82	12723.99
83	83	13828.81
====================

