"nt"	"nds"
1	13148.27140183401
2	12231.935503887684
3	11409.114836832632
4	10688.33876101009
5	10080.928253837314
6	9603.248981877685
7	9497.21993811841
8	9308.532149674578
9	9130.20895743211
10	9311.055794014484
11	9585.88889508653
12	9946.468675220569
13	10395.12163080272
14	11326.545289532512
15	12102.80963422343
16	12888.927208956058
17	13756.483355042472
18	14696.284654982113
19	15705.713984482665
20	16607.19389339989
21	17767.52545947372
22	18344.12267164309
23	17963.766902056956
24	16860.980999615993
25	15816.686492624927
26	14811.763335050602
27	13875.40020878896
28	13008.278060506289
29	12217.093605834798
30	12172.914013547794
31	12061.468870577353
32	11882.175374811844
33	11643.221014744908
34	11360.925601612533
35	11059.326560675412
36	10768.67485650399
37	10523.616866838007
38	10360.015523582671
39	9924.121167727484
40	9569.380454105154
41	9295.203844571999
42	9111.423534681726
43	9191.457491172772
44	9309.956385823725
45	9422.317265018377
46	9500.433163683772
47	9534.775546762035
48	9534.749094147366
49	9528.020524524698
50	9910.492957158247
51	10391.792723608847
52	10961.043607466554
53	11546.264731007082
54	12257.96690923601
55	12682.007694253973
56	13514.547166339
57	14420.146540861226
58	15397.350052144173
59	16251.506826190927
60	17395.888122417575
61	18171.989709765177
62	18194.90990711924
63	17451.24372099574
64	16306.442742146506
65	15419.12883141871
66	14441.928125061146
67	13536.144035799542
68	12703.47171438633
69	12310.00534524545
70	11598.980702699775
71	10982.814370186275
72	10414.681622334096
73	9936.303099967441
74	9559.622441096735
75	9627.901366310558
76	9667.292308294858
77	9650.089793807621
78	10123.872724379917
79	10728.606482412866
80	11447.087389496479
81	12267.524735799521
82	13180.44550990899
83	14477.177096097472
