"nt"	"nds"
1	10335.958212880403
2	9515.984792423136
3	8793.212173252488
4	8178.099841246455
5	7684.614193169613
6	7331.857437456591
7	7186.7762767997565
8	7270.718551443415
9	7463.929651041772
10	7760.422071906667
11	8449.756133194167
12	9226.517135957276
13	9645.848716095255
14	10364.788533246407
15	11173.240187311978
16	11771.205595850513
17	12726.686330533386
18	13645.693274435074
19	14221.730761924344
20	14287.02669050536
21	13821.482551644256
22	12953.510518629499
23	11960.367932846513
24	11243.930255498493
25	10434.604213152103
26	9711.529169331741
27	9680.575172751185
28	9589.539260568925
29	9432.941122210064
30	9213.65879569194
31	8942.702852194703
32	8638.5276746687
33	8326.892651349546
34	8039.683136660746
35	7813.265049088446
36	7684.525994040677
37	7392.482644914812
38	7198.174804832967
39	7112.79679857805
40	7207.853582972003
41	7391.913594128746
42	7579.28598264668
43	7707.570027959059
44	7756.384111963508
45	7745.650481347683
46	8150.356113495218
47	8643.76624508635
48	9215.333286165076
49	9623.781123990415
50	9897.309721413225
51	10636.743320200134
52	11445.443414596104
53	12323.97961138677
54	13143.28686844657
55	14180.524628810585
56	14846.499877787393
57	14820.72083317629
58	14114.39954582547
59	13071.127579982349
60	12293.192423147708
61	11411.875935186396
62	10600.792078264369
63	9861.180073609868
64	9201.257388552522
65	8623.597875868105
66	8126.967089160701
67	7721.479011468911
68	7699.60478175134
69	7582.4913148012665
70	7383.224497044561
71	7726.839653705605
72	8216.599971768233
73	8828.82515602954
74	9548.512527367524
75	10364.27004758265
76	11538.924421858159
