Gaussian Denoiser Window Size: 2
Predicted sites number: 6
Predicted nucleotides number: 6

Site#1:
8
Site#2:
20
Site#3:
39
Site#4:
57
Site#5:
70
Site#6:
76

extremaRank	extremaLoc	extremaNt	extremaNDS_gd
1	39	39	7155.49
2	8	8	7228.75
3	70	70	7482.86
4	76	76	10951.6
5	20	20	14254.38
6	57	57	14833.61

Gaussian Denoised Signal:
1	1	10335.96
2	2	9925.97
3	3	9154.6
4	4	8485.66
5	5	7931.36
6	6	7508.24
7	7	7259.32
8	8	7228.75
9	9	7367.32
10	10	7612.18
11	11	8105.09
12	12	8838.14
13	13	9436.18
14	14	10005.32
15	15	10769.01
16	16	11472.22
17	17	12248.95
18	18	13186.19
19	19	13933.71
20	20	14254.38
21	21	14054.25
22	22	13387.5
23	23	12456.94
24	24	11602.15
25	25	10839.27
26	26	10073.07
27	27	9696.05
28	28	9635.06
29	29	9511.24
30	30	9323.3
31	31	9078.18
32	32	8790.62
33	33	8482.71
34	34	8183.29
35	35	7926.47
36	36	7748.9
37	37	7538.5
38	38	7295.33
39	39	7155.49
40	40	7160.33
41	41	7299.88
42	42	7485.6
43	43	7643.43
44	44	7731.98
45	45	7751.02
46	46	7948
47	47	8397.06
48	48	8929.55
49	49	9419.56
50	50	9760.55
51	51	10267.03
52	52	11041.09
53	53	11884.71
54	54	12733.63
55	55	13661.91
56	56	14513.51
57	57	14833.61
58	58	14467.56
59	59	13592.76
60	60	12682.16
61	61	11852.53
62	62	11006.33
63	63	10230.99
64	64	9531.22
65	65	8912.43
66	66	8375.28
67	67	7924.22
68	68	7710.54
69	69	7641.05
70	70	7482.86
71	71	7555.03
72	72	7971.72
73	73	8522.71
74	74	9188.67
75	75	9956.39
76	76	10951.6
====================

