"nt"	"nds"
1	4090.2408629002616
2	3597.53816631611
3	3165.0416496053786
4	2795.851789507267
5	2495.6710391917663
6	2500.95671643962
7	2486.9959963994143
8	2450.231617068644
9	2392.0115334893208
10	2320.4569659939502
11	2251.6945548522554
12	2183.1887924506523
13	2181.0422693318046
14	2245.5082562686553
15	2387.2280280742025
16	2638.6515182265825
17	2903.5871302493215
18	3036.587104592997
19	3417.474458785665
20	3886.9680931908324
21	4308.1324719699005
22	4310.930960269774
23	3893.220230289254
24	3420.743394667227
25	3040.253163220318
26	2913.282671775457
27	2649.375985883946
28	2389.412750885697
29	2328.684054229032
30	2237.166002005618
31	2174.9918839500765
32	2179.2947322870227
33	2255.8094138002193
34	2440.5706047414287
35	2733.9408267801346
36	3104.5626035833916
37	3540.7710413974473
38	4037.4431309828014
