"nt"	"nds"
1	5851.8531557293845
2	5288.782946966563
3	4783.464042487492
4	4337.83338264593
5	3953.3214672104577
6	3632.653408308951
7	3455.4162849308723
8	3207.414954924641
9	3081.0796378606024
10	3019.418775668366
11	3020.967003226606
12	3088.2860868504185
13	3236.16499550497
14	3465.5873709266907
15	3761.9938451911803
16	4121.586397556609
17	4544.8427014579165
18	4999.844073519934
19	5527.983675902074
20	5764.2183173503645
21	5571.077527739036
22	5056.693029700572
23	4570.24212520893
24	4148.728016052598
25	3790.742100038321
26	3495.0005509977173
27	3262.232647683184
28	3241.2977473210076
29	3180.8027519048037
30	3096.559114895624
31	3033.055185313284
32	3031.7809448190023
33	3092.3398658776264
34	3216.240180869994
35	3397.82773401856
36	3574.688512144148
37	3654.986239459481
38	3975.5877358698795
39	4359.1815262048085
40	4803.623530819725
41	5307.751655664605
42	5869.7095509974115
