"nt"	"nds"
1	2197.2499863425933
2	1862.898364592735
3	1587.4722287299799
4	1373.5783311889193
5	1224.647622952192
6	1229.2607305584527
7	1219.3769853467209
8	1192.506210954681
9	1159.1100373491906
10	1263.7899704213423
11	1284.2176860049958
12	1449.950266513131
13	1702.645674029888
14	1988.0135205282193
15	2156.9863216784424
16	2147.2377630793594
17	1963.0780276080222
18	1675.4343026920628
19	1438.4270397932537
20	1271.9661002229375
21	1237.7570354122843
22	1150.596892795271
23	1202.4878181530041
24	1348.1720049223197
25	1563.136516521358
26	1840.5451412645684
27	2176.8615293675102
