Gaussian Denoiser Window Size: 2
Predicted sites number: 5
Predicted nucleotides number: 5

Site#1:
1
Site#2:
9
Site#3:
16
Site#4:
23
Site#5:
27

extremaRank	extremaLoc	extremaNt	extremaNDS_gd
1	9	9	1175.81
2	23	23	1176.54
3	27	27	2008.7
4	16	16	2152.11
5	1	1	2197.25

Gaussian Denoised Signal:
1	1	2197.25
2	2	2030.07
3	3	1725.19
4	4	1480.53
5	5	1299.11
6	6	1226.95
7	7	1224.32
8	8	1205.94
9	9	1175.81
10	10	1211.45
11	11	1274
12	12	1367.08
13	13	1576.3
14	14	1845.33
15	15	2072.5
16	16	2152.11
17	17	2055.16
18	18	1819.26
19	19	1556.93
20	20	1355.2
21	21	1254.86
22	22	1194.18
23	23	1176.54
24	24	1275.33
25	25	1455.65
26	26	1701.84
27	27	2008.7
====================

