"nt"	"nds"
1	2510.085370801919
2	2362.8687602706905
3	2288.3374112289916
4	2282.241677469739
5	2336.9483558613942
6	2360.8258548361327
7	2511.7013412296224
8	2733.979063968682
9	3003.935639393534
10	3379.3414696531545
11	3727.25416543464
12	3962.286328012598
13	4037.958719355033
14	3940.880581846861
15	3689.156413579267
16	3334.2891129798654
17	2966.6487198030486
18	2719.721920079352
19	2496.595573168708
20	2346.4146554811373
21	2272.741017769428
22	2274.9267291393608
23	2346.3381756992717
24	2490.030752461533
25	2666.029578651249
26	2952.7136332990963
27	3271.9732729751445
28	3569.1964408703016
29	3807.552420503611
30	3963.241337112632
31	4022.5355493586276
32	3980.601083129862
33	3841.053373549244
34	3616.278776845162
35	3328.6967586222754
36	3013.6963618956074
