Gaussian Denoiser Window Size: 2
Predicted sites number: 4
Predicted nucleotides number: 4

Site#1:
4
Site#2:
13
Site#3:
22
Site#4:
32

extremaRank	extremaLoc	extremaNt	extremaNDS_gd
1	22	22	2273.83
2	4	4	2285.29
3	13	13	4000.12
4	32	32	4001.57

Gaussian Denoised Signal:
1	1	2510.09
2	2	2436.48
3	3	2325.6
4	4	2285.29
5	5	2309.6
6	6	2348.89
7	7	2436.26
8	8	2622.84
9	9	2868.96
10	10	3191.64
11	11	3553.3
12	12	3844.77
13	13	4000.12
14	14	3989.42
15	15	3815.02
16	16	3511.72
17	17	3150.47
18	18	2843.19
19	19	2608.16
20	20	2421.51
21	21	2309.58
22	22	2273.83
23	23	2310.63
24	24	2418.18
25	25	2578.03
26	26	2809.37
27	27	3112.34
28	28	3420.58
29	29	3688.37
30	30	3885.4
31	31	3992.89
32	32	4001.57
33	33	3910.83
34	34	3728.67
35	35	3472.49
36	36	3171.2
====================

