Gaussian Denoiser Window Size: 2
Predicted sites number: 5
Predicted nucleotides number: 7

Site#1:
1
Site#2:
7
8
10
Site#3:
17
Site#4:
24
Site#5:
29

extremaRank	extremaLoc	extremaNt	extremaNDS_gd
1	24	24	1371.39
2	10	10	1385.61
3	7	7	1409.01
4	8	8	1414.64
5	29	29	2431.31
6	17	17	2552.29
7	1	1	2632.72

Gaussian Denoised Signal:
1	1	2632.72
2	2	2449.75
3	3	2112.91
4	4	1835.24
5	5	1618.4
6	6	1464.4
7	7	1409.01
8	8	1414.64
9	9	1406.67
10	10	1385.61
11	11	1406.67
12	12	1507.42
13	13	1673.77
14	14	1913.52
15	15	2212.34
16	16	2465
17	17	2552.29
18	18	2441.39
19	19	2176.92
20	20	1887.22
21	21	1657.45
22	22	1490.25
23	23	1390.87
24	24	1371.39
25	25	1443.33
26	26	1595.59
27	27	1813.5
28	28	2092.83
29	29	2431.31
====================

