"nt"	"nds"
1	6684.441407968027
2	6076.485186625652
3	5526.102219194209
4	5034.985370287052
5	4603.902426900301
6	4233.643420075494
7	3925.8981726705756
8	3686.105735402757
9	3534.744758230321
10	3474.992712809221
11	3484.3498405021587
12	3556.58445094678
13	3689.9427677308436
14	3883.805605749613
15	4137.946397938258
16	4452.28920185418
17	4826.906032435479
18	5262.017507487357
19	5758.502086940468
20	6327.228924265559
21	6854.912919165715
22	6864.5703635051
23	6347.173582600107
24	5768.269568211774
25	5272.355969942434
26	4837.892243021374
27	4463.991376154496
28	4150.444095329203
29	3897.170046107093
30	3704.2003837099514
31	3571.6841724325195
32	3499.838270113536
33	3489.132766880497
34	3541.371657626907
35	3591.515315736402
36	3648.826264601273
37	3696.263387918528
38	3724.3617685138743
39	3967.758703618012
40	4274.256721174443
41	4642.162720229096
42	5070.797914163891
43	5559.627862782876
44	6107.939740600085
45	6714.037254942434
