Gaussian Denoiser Window Size: 2
Predicted sites number: 5
Predicted nucleotides number: 5

Site#1:
1
Site#2:
11
Site#3:
22
Site#4:
33
Site#5:
45

extremaRank	extremaLoc	extremaNt	extremaNDS_gd
1	11	11	3479.67
2	33	33	3494.49
3	45	45	6410.99
4	1	1	6684.44
5	22	22	6859.74

Gaussian Denoised Signal:
1	1	6684.44
2	2	6380.46
3	3	5801.29
4	4	5280.54
5	5	4819.44
6	6	4418.77
7	7	4079.77
8	8	3806
9	9	3610.43
10	10	3504.87
11	11	3479.67
12	12	3520.47
13	13	3623.26
14	14	3786.87
15	15	4010.88
16	16	4295.12
17	17	4639.6
18	18	5044.46
19	19	5510.26
20	20	6042.87
21	21	6591.07
22	22	6859.74
23	23	6605.87
24	24	6057.72
25	25	5520.31
26	26	5055.12
27	27	4650.94
28	28	4307.22
29	29	4023.81
30	30	3800.69
31	31	3637.94
32	32	3535.76
33	33	3494.49
34	34	3515.25
35	35	3566.44
36	36	3620.17
37	37	3672.54
38	38	3710.31
39	39	3846.06
40	40	4121.01
41	41	4458.21
42	42	4856.48
43	43	5315.21
44	44	5833.78
45	45	6410.99
====================

