Gaussian Denoiser Window Size: 2
Predicted sites number: 5
Predicted nucleotides number: 7

Site#1:
1
Site#2:
9
11
12
Site#3:
18
Site#4:
27
Site#5:
32

extremaRank	extremaLoc	extremaNt	extremaNDS_gd
1	9	9	1887.22
2	27	27	1887.28
3	12	12	1985.66
4	11	11	1991.79
5	32	32	3058.83
6	18	18	3395.61
7	1	1	3815.56

Gaussian Denoised Signal:
1	1	3815.56
2	2	3532.08
3	3	3057.17
4	4	2703.2
5	5	2407.93
6	6	2172.81
7	7	1999.1
8	8	1889.39
9	9	1887.22
10	10	1954.47
11	11	1991.79
12	12	1985.66
13	13	2057.04
14	14	2257.87
15	15	2523.9
16	16	2867.55
17	17	3230.4
18	18	3395.61
19	19	3221.21
20	20	2858.28
21	21	2517.68
22	22	2251.53
23	23	2050.94
24	24	1973.92
25	25	1956.33
26	26	1890.71
27	27	1887.28
28	28	1996.73
29	29	2170.71
30	30	2406.5
31	31	2702.86
32	32	3058.83
====================

