"nt"	"nds"
1	3815.561866134676
2	3248.607015764939
3	2865.7382390097405
4	2540.6647603137326
5	2275.2022750492897
6	2070.419941721322
7	1927.7876828992637
8	1850.9997622346143
9	1923.433273895867
10	1985.5093785532679
11	1998.062151382649
12	1973.258376810143
13	2140.8175081646964
14	2374.918518549781
15	2672.883079962297
16	3062.2239308688377
17	3398.572003153079
18	3392.6389074393314
19	3049.784323517574
20	2666.7848794086804
21	2368.576788418497
22	2134.473340648293
23	1967.411052506417
24	1980.4201218637484
25	1932.2468927391415
26	1849.1678916321562
27	1925.3836818905718
28	2068.0716952636694
29	2273.354905604339
30	2539.646040973468
31	2866.0701634502993
32	3251.5827752690957
