Gaussian Denoiser Window Size: 2
Predicted sites number: 5
Predicted nucleotides number: 7

Site#1:
1
Site#2:
7
9
10
Site#3:
15
Site#4:
21
Site#5:
26

extremaRank	extremaLoc	extremaNt	extremaNDS_gd
1	21	21	1243.5
2	7	7	1244.91
3	10	10	1300.92
4	9	9	1311.02
5	26	26	2065.85
6	15	15	2184.21
7	1	1	2233.91

Gaussian Denoised Signal:
1	1	2233.91
2	2	2072.67
3	3	1779.12
4	4	1544.46
5	5	1370.37
6	6	1259.02
7	7	1244.91
8	8	1289.95
9	9	1311.02
10	10	1300.92
11	11	1359.38
12	12	1532.6
13	13	1788.33
14	14	2065.59
15	15	2184.21
16	16	2046.88
17	17	1769.4
18	18	1520
19	19	1347.04
20	20	1275.46
21	21	1243.5
22	22	1252.26
23	23	1362.7
24	24	1536.81
25	25	1771.84
26	26	2065.85
====================

