Gaussian Denoiser Window Size: 2
Predicted sites number: 6
Predicted nucleotides number: 7

Site#1:
1
Site#2:
15
Site#3:
28
Site#4:
44
Site#5:
50
51
Site#6:
59

extremaRank	extremaLoc	extremaNt	extremaNDS_gd
1	1	1	5964.28
2	28	28	5971.67
3	59	59	6441.03
4	50	50	7695.84
5	51	51	7716.11
6	44	44	10895.94
7	15	15	11217.88

Gaussian Denoised Signal:
1	1	5964.28
2	2	5982.58
3	3	6060.44
4	4	6216.55
5	5	6444.23
6	6	6739.83
7	7	7101.84
8	8	7531.07
9	9	7960.73
10	10	8427.04
11	11	8923.52
12	12	9270.55
13	13	9746.33
14	14	10539.32
15	15	11217.88
16	16	11195.11
17	17	10503.68
18	18	9720.7
19	19	9166.81
20	20	8638.38
21	21	8035.67
22	22	7531.32
23	23	7099.94
24	24	6736.41
25	25	6439.5
26	26	6210.34
27	27	6052.15
28	28	5971.67
29	29	6023.53
30	30	6215.41
31	31	6476.88
32	32	6759.78
33	33	7029.82
34	34	7263.32
35	35	7445.14
36	36	7567.93
37	37	7633.36
38	38	7657
39	39	7915.65
40	40	8467.73
41	41	9101.55
42	42	9807.1
43	43	10531.58
44	44	10895.94
45	45	10560.29
46	46	9835.56
47	47	9120.14
48	48	8486.67
49	49	7934.87
50	50	7695.84
51	51	7716.11
52	52	7705.89
53	53	7650.13
54	54	7543.61
55	55	7387.26
56	56	7186.58
57	57	6951.33
58	58	6696.04
59	59	6441.03
====================

