"nt"	"nds"
1	4668.019977334499
2	4511.033362541396
3	4437.461840591152
4	4440.478418313177
5	4520.549143119087
6	4696.999984757166
7	4968.72399287546
8	5314.314509674487
9	5728.28459947174
10	6212.493806615847
11	6621.387937653733
12	7244.340170643318
13	7825.587490683843
14	8180.500854296714
15	8211.742015120934
16	7909.895619763816
17	7354.218550878763
18	6715.096541747504
19	6248.699192156032
20	5766.4504736405825
21	5354.05753602264
22	5008.198123448874
23	4729.502943312362
24	4708.186191340786
25	4662.015963833615
26	4594.890704317572
27	4524.093702120819
28	4449.495939832021
29	4445.584222285794
30	4515.530919626286
31	4668.132684359667
32	4857.934186766266
33	5176.930555273153
34	5567.455814446953
35	5986.704160030419
36	6403.2010489820495
37	6793.733581945324
38	7140.836602715781
39	7431.323815848502
40	7655.504776369845
41	7806.41174584771
42	7879.609502801241
43	7873.171858909568
44	7787.323177852797
45	7624.667190942435
46	7390.198473696651
47	7091.623673986635
48	6739.467834631649
49	6347.854419987096
50	5935.389432326127
51	5526.567784721376
52	5153.6201369311
