Gaussian Denoiser Window Size: 2
Predicted sites number: 5
Predicted nucleotides number: 5

Site#1:
1
Site#2:
4
Site#3:
15
Site#4:
29
Site#5:
43

extremaRank	extremaLoc	extremaNt	extremaNDS_gd
1	4	4	4438.97
2	29	29	4447.54
3	1	1	4668.02
4	43	43	7876.39
5	15	15	8196.12

Gaussian Denoised Signal:
1	1	4668.02
2	2	4589.53
3	3	4474.25
4	4	4438.97
5	5	4480.51
6	6	4608.77
7	7	4832.86
8	8	5141.52
9	9	5521.3
10	10	5970.39
11	11	6416.94
12	12	6932.86
13	13	7534.96
14	14	8003.04
15	15	8196.12
16	16	8060.82
17	17	7632.06
18	18	7034.66
19	19	6481.9
20	20	6007.57
21	21	5560.25
22	22	5181.13
23	23	4868.85
24	24	4718.84
25	25	4685.1
26	26	4628.45
27	27	4559.49
28	28	4486.79
29	29	4447.54
30	30	4480.56
31	31	4591.83
32	32	4763.03
33	33	5017.43
34	34	5372.19
35	35	5777.08
36	36	6194.95
37	37	6598.47
38	38	6967.29
39	39	7286.08
40	40	7543.41
41	41	7730.96
42	42	7843.01
43	43	7876.39
44	44	7830.25
45	45	7706
46	46	7507.43
47	47	7240.91
48	48	6915.55
49	49	6543.66
50	50	6141.62
51	51	5730.98
52	52	5340.09
====================

