"nt"	"nds"
1	9095.701532515663
2	8245.017231415628
3	7484.659948023916
4	6825.866219111358
5	6284.329827339893
6	5880.697112259962
7	5636.428692340137
8	5915.625069643535
9	6344.644525333708
10	6871.725779674416
11	7436.604405475493
12	7984.823240288306
13	8475.486838481105
14	8880.494296674851
15	9181.38836133882
16	9366.124274102629
17	9428.20776893918
18	9365.26947021582
19	9179.385559051114
20	8877.174592214773
21	8470.376795441896
22	7977.785873681247
23	7428.206313105304
24	6863.347445086629
25	6336.674749210008
26	5906.706566483441
27	5629.029973846889
28	5866.936027250218
29	6271.366347025431
30	6817.731353490136
31	7484.771831483147
32	8095.927821662105
33	8976.51743474417
34	9701.421898964545
35	9985.999593315337
36	9732.231270466422
37	9027.676293844384
38	8144.001344418745
39	7503.17169515517
40	6833.308611801906
41	6277.5497305666995
42	5853.646643538668
43	5592.206274728698
44	5875.44412155125
45	6175.018260693624
46	6180.699447726963
47	5883.576885016499
48	5586.0280415729485
49	5863.52182207005
50	6306.101032930025
51	6875.077728586213
52	7552.445882662081
53	8188.917050453403
54	9073.61917607698
55	9782.175930331761
56	10040.397395142396
57	9759.904998572421
58	9038.764104705666
59	8159.466756766507
60	7542.45371957711
61	6868.389459750671
62	6305.851292037616
63	5872.005617788381
64	5593.12233665935
65	5605.085650121651
66	5876.125833272457
67	6291.326934586036
68	6835.750378270283
69	7493.348234197852
70	8250.561228392351
71	9096.137269727962
72	10112.63691505045
73	10715.107784102831
