"nt"	"nds"
1	9604.175603474865
2	8715.928730141344
3	7997.386923307681
4	7364.128439362928
5	6824.711943572134
6	6393.917463244023
7	6427.2960419210485
8	6449.9539019764325
9	6445.17326522787
10	6411.3884875724225
11	6359.514447900889
12	6314.476590945706
13	6703.451051517455
14	7194.506391596072
15	7772.082557252886
16	8431.056371439248
17	9021.633263162079
18	9849.406632217408
19	10520.047082782106
20	10774.081441892818
21	10523.759045557432
22	9855.884420325996
23	9027.838196685687
24	8433.44079601273
25	7774.234315359119
26	7195.827293352315
27	6702.832108386062
28	6310.718423173361
29	6341.9106523263545
30	6385.11906092151
31	6424.341129689749
32	6449.418230591422
33	6454.5770819230365
34	6437.611836083719
35	6399.414663672979
36	6344.123702946933
37	6279.293776455521
38	6216.995742358867
39	6174.914568363219
40	6509.463506491214
41	6940.014481297737
42	7453.110739498194
43	8043.28027325806
44	8709.88043510176
45	9313.695623867483
46	10146.74866086256
47	10813.741300824882
48	11057.154381202743
49	10792.679347093972
50	10113.053111782272
51	9282.98218905144
52	8698.052107195623
53	8031.582512936591
54	7442.43455185609
55	6931.855526601731
56	6506.48465064725
57	6179.436424254473
58	6286.509380496428
59	6366.546896465868
60	6376.806689814712
61	6802.5742019977015
62	7338.515434821377
63	7970.219331527251
64	8688.36786153142
65	9554.894061891917
