"nt"	"nds"
1	18067.215365655626
2	16857.068450346615
3	15722.384989729224
4	14668.105859177675
5	13700.18175656239
6	12826.447032361606
7	12058.831762175996
8	11416.979761455927
9	11050.52800895468
10	10517.819829052529
11	10113.599890239659
12	9964.214926168455
13	9919.927249858987
14	10139.788954430223
15	10320.448469083853
16	10712.186903874559
17	11223.87495855773
18	11842.257411646762
19	12561.823029278681
20	13622.30531567132
21	14621.950489940906
22	15640.727588669442
23	16743.786234097563
24	17714.663330308587
25	18993.531673091613
26	19648.779302098497
27	19247.724307545875
28	18037.229821161694
29	16882.00503463923
30	15780.001684583172
31	14758.861131369838
32	14562.344197230257
33	14155.918510658204
34	13608.831960313684
35	13044.869640046045
36	12619.89268316134
37	11909.132932362805
38	11296.432205552372
39	10789.628825312546
40	10405.036979093456
41	10442.078920452834
42	10443.847968255128
43	10895.319011543734
44	11489.569747478432
45	12205.64473903685
46	12714.424990496811
47	13069.2697979797
48	14018.692638861343
49	15060.760014138614
50	16214.208282010548
51	17253.48350874703
52	17194.578854372452
53	16095.882269444182
54	15005.15766018815
55	13962.892587962531
56	13015.41937292108
57	12175.166245403747
58	11450.202857766444
59	10846.1512205275
60	10379.58578870113
61	10263.600288027908
62	10092.87069596727
63	9939.793043135396
64	9985.894140972718
65	10134.347733362161
66	10438.016520900996
67	10856.937089981744
68	11230.930962654125
69	11474.517321314677
70	12163.067592109308
71	12985.205439799975
72	13919.848477632435
73	14955.357076264323
74	16018.486465511316
75	17142.9914915412
76	17251.25037085485
77	16236.145055539466
78	15058.2031069862
79	14025.553831343947
80	13094.809442322123
81	12277.798295431472
82	11597.394112747716
83	11610.640503792027
84	11609.70612826818
85	11594.072898528695
86	11565.642947820217
87	12205.968611661516
88	12972.836432901575
89	13845.094101222345
90	14811.145300113716
91	15863.051776990415
92	16994.562900358025
93	18199.939130844075
94	19865.090034580186
