Gaussian Denoiser Window Size: 2
Predicted sites number: 9
Predicted nucleotides number: 11

Site#1:
1
Site#2:
13
Site#3:
27
Site#4:
41
Site#5:
52
Site#6:
64
Site#7:
76
Site#8:
83
84
86
Site#9:
94

extremaRank	extremaLoc	extremaNt	extremaNDS_gd
1	13	13	9942.07
2	64	64	9962.84
3	41	41	10423.56
4	86	86	11579.86
5	83	83	11604.02
6	84	84	11610.17
7	76	76	17197.12
8	52	52	17224.03
9	1	1	18067.22
10	94	94	19032.51
11	27	27	19448.25

Gaussian Denoised Signal:
1	1	18067.22
2	2	17462.14
3	3	16289.73
4	4	15195.25
5	5	14184.14
6	6	13263.31
7	7	12442.64
8	8	11737.91
9	9	11233.75
10	10	10784.17
11	11	10315.71
12	12	10038.91
13	13	9942.07
14	14	10029.86
15	15	10230.12
16	16	10516.32
17	17	10968.03
18	18	11533.07
19	19	12202.04
20	20	13092.06
21	21	14122.13
22	22	15131.34
23	23	16192.26
24	24	17229.22
25	25	18354.1
26	26	19321.16
27	27	19448.25
28	28	18642.48
29	29	17459.62
30	30	16331
31	31	15269.43
32	32	14660.6
33	33	14359.13
34	34	13882.38
35	35	13326.85
36	36	12832.38
37	37	12264.51
38	38	11602.78
39	39	11043.03
40	40	10597.33
41	41	10423.56
42	42	10442.96
43	43	10669.58
44	44	11192.44
45	45	11847.61
46	46	12460.03
47	47	12891.85
48	48	13543.98
49	49	14539.73
50	50	15637.48
51	51	16733.85
52	52	17224.03
53	53	16645.23
54	54	15550.52
55	55	14484.03
56	56	13489.16
57	57	12595.29
58	58	11812.68
59	59	11148.18
60	60	10612.87
61	61	10321.59
62	62	10178.24
63	63	10016.33
64	64	9962.84
65	65	10060.12
66	66	10286.18
67	67	10647.48
68	68	11043.93
69	69	11352.72
70	70	11818.79
71	71	12574.14
72	72	13452.53
73	73	14437.6
74	74	15486.92
75	75	16580.74
76	76	17197.12
77	77	16743.7
78	78	15647.17
79	79	14541.88
80	80	13560.18
81	81	12686.3
82	82	11937.6
83	83	11604.02
84	84	11610.17
85	85	11601.89
86	86	11579.86
87	87	11885.81
88	88	12589.4
89	89	13408.97
90	90	14328.12
91	91	15337.1
92	92	16428.81
93	93	17597.25
94	94	19032.51
====================

