Gaussian Denoiser Window Size: 2
Predicted sites number: 11
Predicted nucleotides number: 11

Site#1:
1
Site#2:
16
Site#3:
27
Site#4:
31
Site#5:
37
Site#6:
43
Site#7:
52
Site#8:
66
Site#9:
76
Site#10:
83
Site#11:
95

extremaRank	extremaLoc	extremaNt	extremaNDS_gd
1	66	66	9999.95
2	16	16	10014.01
3	43	43	11320.39
4	31	31	11416.81
5	83	83	11546.67
6	27	27	14535.6
7	37	37	14551.72
8	76	76	16796.48
9	52	52	18307.25
10	1	1	18511.08
11	95	95	20396.28

Gaussian Denoised Signal:
1	1	18511.08
2	2	17892.29
3	3	16690.86
4	4	15563.48
5	5	14514.49
6	6	13549.97
7	7	12679.15
8	8	11918.28
9	9	11504.88
10	10	11340.02
11	11	11102.19
12	12	10813.08
13	13	10518.53
14	14	10281.47
15	15	10111.85
16	16	10014.01
17	17	10093.78
18	18	10346.29
19	19	10629.31
20	20	10842.89
21	21	10945.92
22	22	11262.47
23	23	11936.07
24	24	12692.93
25	25	13597.1
26	26	14410.39
27	27	14535.6
28	28	13872.28
29	29	12905.73
30	30	12069.04
31	31	11416.81
32	32	11446.19
33	33	12132.86
34	34	12965.55
35	35	13805.19
36	36	14389.44
37	37	14551.72
38	38	14255.37
39	39	13587.53
40	40	12745.6
41	41	11980.16
42	42	11365.53
43	43	11320.39
44	44	11877.02
45	45	12588.38
46	46	13271.1
47	47	13744.18
48	48	14441.72
49	49	15515.54
50	50	16721.07
51	51	17884.22
52	52	18307.25
53	53	17603.04
54	54	16446.38
55	55	15341.95
56	56	14272.04
57	57	13303.14
58	58	12450.36
59	59	11727.49
60	60	11147.8
61	61	10878.86
62	62	10798.61
63	63	10608.06
64	64	10330.31
65	65	10077.4
66	66	9999.95
67	67	10101.02
68	68	10453.54
69	69	11022.84
70	70	11627.94
71	71	12322.21
72	72	13147.02
73	73	14085.62
74	74	15072.31
75	75	16131.41
76	76	16796.48
77	77	16423.01
78	78	15360.08
79	79	14273.51
80	80	13340.21
81	81	12520.71
82	82	11831.9
83	83	11546.67
84	84	11587.74
85	85	11615.22
86	86	11628.81
87	87	11979.38
88	88	12735.84
89	89	13604.87
90	90	14568.62
91	91	15617.15
92	92	16743.63
93	93	17942.81
94	94	19277.49
95	95	20396.28
====================

