"nt"	"nds"
1	18511.07677490975
2	17273.512310142323
3	16108.207809816755
4	15018.758065622418
5	14010.219253924603
6	13089.730330505048
7	12268.573822956072
8	11567.995549196516
9	11441.763611434606
10	11238.276385611272
11	10966.103742000954
12	10660.047393226869
13	10377.020692992479
14	10185.917144043246
15	10037.786204029666
16	9990.237822925397
17	10197.326585199966
18	10495.243837900895
19	10763.373735966145
20	10922.41270506365
21	10969.435658083155
22	11555.509424028938
23	12316.638566352225
24	13069.229731700982
25	14124.964902642902
26	14695.82445632112
27	14375.36849312098
28	13369.190260908152
29	12442.267667904256
30	11695.810985595972
31	11137.799851604736
32	11754.575785172303
33	12511.136767110494
34	13419.959082898873
35	14190.412063987891
36	14588.463134603657
37	14514.971705803724
38	13995.768007771954
39	13179.288565430557
40	12311.916158447819
41	11648.398445139774
42	11082.653481815258
43	11558.119479480969
44	12195.919195219127
45	12980.838168879702
46	13561.360070116107
47	13926.998429405483
48	14956.439517031153
49	16074.634029774646
50	17367.509881467493
51	18400.936747301595
52	18213.56921180331
53	16992.50409836914
54	15900.256575199955
55	14783.650393555405
56	13760.431802942989
57	12845.848393243721
58	12054.870071375777
59	11400.10637452658
60	10895.49968284145
61	10862.215865525959
62	10734.999385972584
63	10481.12248080716
64	10179.505492811735
65	9975.300027996549
66	10024.59229987885
67	10177.437915367393
68	10729.637386192371
69	11316.047207802301
70	11939.83991102455
71	12704.584464144978
72	13589.453577935767
73	14581.790017918594
74	15562.837923025441
75	16699.979368276356
76	16892.987312383906
77	15953.035025141675
78	14767.125407731402
79	13779.886780242407
80	12900.531156141562
81	12140.88600979899
82	11522.912961495136
83	11570.432812740912
84	11605.055476282445
85	11625.37531467671
86	11632.244273558443
87	12326.517603553126
88	13145.164854486766
89	14064.568721569021
90	15072.67851083774
91	16161.61885954083
92	17325.642698270392
93	18559.97054428363
94	19995.00948897899
95	20797.558831907438
