"nt"	"nds"
1	5696.942668055904
2	5566.929706906212
3	5447.264780014922
4	5423.101260005184
5	5465.275000732578
6	5571.771903341928
7	5678.526604119167
8	5754.231698785688
9	5781.536774701277
10	6060.992864378476
11	6406.2409120185885
12	6818.598525195765
13	7303.9994581013425
14	7725.802123935379
15	8356.0522356864
16	9016.632684551565
17	9569.60364923452
18	9921.378047603646
19	10019.790375879473
20	9851.763094615935
21	9442.489042134983
22	8855.837838413052
23	8196.175756438808
24	7606.996071811477
25	7260.527889190045
26	6772.627092582839
27	6357.922700658447
28	6011.436700559837
29	5735.275646640403
30	5541.784300856603
31	5429.666065234558
32	5386.582893232596
33	5412.64670019131
34	5605.797589691509
35	5720.455843877562
36	5964.448617818859
37	6275.901241793618
38	6652.5437363975
39	7095.415790455413
40	7609.608314685939
41	7986.0026056794695
42	8611.158610279053
43	9284.24453108532
44	9840.21815601846
45	10165.57691342663
46	10200.55164246404
47	9937.938633239128
48	9423.609227246072
49	8758.298532518033
50	8099.1586031333045
51	7651.712074660179
52	7140.159080416062
53	6700.219298540484
54	6326.624036852442
55	6017.928050428284
56	5775.6936414305765
57	5803.3560036656345
