Gaussian Denoiser Window Size: 2
Predicted sites number: 5
Predicted nucleotides number: 5

Site#1:
1
Site#2:
4
Site#3:
19
Site#4:
33
Site#5:
46

extremaRank	extremaLoc	extremaNt	extremaNDS_gd
1	33	33	5399.61
2	4	4	5435.18
3	1	1	5696.94
4	19	19	9970.58
5	46	46	10183.06

Gaussian Denoised Signal:
1	1	5696.94
2	2	5631.94
3	3	5507.1
4	4	5435.18
5	5	5444.19
6	6	5518.52
7	7	5625.15
8	8	5716.38
9	9	5767.88
10	10	5921.26
11	11	6233.62
12	12	6612.42
13	13	7061.3
14	14	7514.9
15	15	8040.93
16	16	8686.34
17	17	9293.12
18	18	9745.49
19	19	9970.58
20	20	9935.78
21	21	9647.13
22	22	9149.16
23	23	8526.01
24	24	7901.59
25	25	7433.76
26	26	7016.58
27	27	6565.27
28	28	6184.68
29	29	5873.36
30	30	5638.53
31	31	5485.73
32	32	5408.12
33	33	5399.61
34	34	5509.22
35	35	5663.13
36	36	5842.45
37	37	6120.17
38	38	6464.22
39	39	6873.98
40	40	7352.51
41	41	7797.81
42	42	8298.58
43	43	8947.7
44	44	9562.23
45	45	10002.9
46	46	10183.06
47	47	10069.25
48	48	9680.77
49	49	9090.95
50	50	8428.73
51	51	7875.44
52	52	7395.94
53	53	6920.19
54	54	6513.42
55	55	6172.28
56	56	5896.81
57	57	5789.52
====================

