"nt"	"nds"
1	1217.0176883583867
2	1077.5001157039355
3	1001.3160116112905
4	987.9097242523628
5	1034.9591432153204
6	1056.5176596374927
7	1192.3119099478758
8	1423.888595678832
9	1649.3997774430122
10	1729.9971857823084
11	1628.5882393485747
12	1395.2738480189018
13	1179.4195447162883
14	1043.612204333062
15	981.4792546948402
16	991.7172155572966
17	1065.275514507414
18	1200.9182269654698
19	1398.3566089912397
20	1637.3832506495182
21	1791.3283831214787
22	1803.0125542942765
23	1669.8551917687448
