"nt"	"nds"
1	9672.734125375615
2	9718.011877938234
3	9844.376870267288
4	10049.427069253808
5	10338.783223384906
6	10631.188718637071
7	11105.303197429952
8	11657.079808111515
9	12198.198855661463
10	12661.669467564205
11	13003.649747573098
12	13205.64644972345
13	13280.159200317492
14	14022.486621902022
15	14844.815616331634
16	15737.948493091819
17	16698.405520483328
18	17720.823026916943
19	18679.302249369175
20	18670.66411850926
21	17703.224138053018
22	16689.95449619209
23	15729.172442863251
24	14835.687715054339
25	14012.976227532796
26	13270.230908167678
27	13176.726763818957
28	12958.139702479355
29	12603.645049622786
30	12133.414473894192
31	11592.836738789607
32	11049.995562183789
33	10593.325950295213
34	10325.300791914346
35	10034.859386840519
36	9828.323189368293
37	9699.755722450713
38	9651.852740465705
39	9813.9321149746
40	10067.743063642554
41	10316.991763252165
42	10498.184336283317
43	10584.628930092955
44	10588.745817683728
45	10564.54909020409
46	10950.130660908448
47	11417.626003608595
48	11960.262219976117
49	12512.691681692942
50	13181.451107585492
51	13577.072254094695
52	14355.375990633325
53	15201.975856840658
54	16116.043853306477
55	16919.536507490895
56	17992.428549351356
57	18717.186260049682
58	18734.270129770455
59	18034.500441007876
60	16962.88031441446
61	16133.751937690256
62	15220.339099229275
63	14374.41987769647
64	13596.813451723945
65	13230.49312865391
66	12564.061012636254
67	11981.590474236127
68	11439.348463988057
69	10971.829575126902
70	10585.982489491409
71	10645.344883398897
72	10694.773155894572
73	10694.608804564452
74	10624.295051746176
75	10481.075450819633
76	10279.024868878758
77	10048.478011597066
