"nt"	"nds"
1	41008.28486793532
2	39098.7334477915
3	37313.91194668641
4	35664.97627853776
5	34163.53434857997
6	32822.79044901947
7	31658.4351580855
8	30690.16535127224
9	29944.31710976793
10	29523.167555296364
11	29138.846654893794
12	29341.881902307905
13	29673.24767669771
14	30117.681053880893
15	30665.383818933537
16	31077.062499874457
17	31333.485468652547
18	32100.05975718884
19	32969.45738173624
20	33948.31978930435
21	34445.53294364598
22	35272.788291896744
23	36309.95711255938
24	37434.66706491926
25	38534.982661996866
26	39518.746534066886
27	40319.12797894141
28	40896.35798876106
29	41239.01152982301
30	41362.4258235182
31	42882.51678222901
32	44489.3310048703
33	46172.12100836452
34	47926.01359347913
35	49748.49381258689
36	51638.259394284556
37	53595.04240431395
38	55621.10884243107
39	56542.27685531673
40	57822.401573886506
41	59139.308857217045
42	60203.69699822794
43	60814.310316856696
44	63106.64807817118
45	64948.020229852635
46	67484.50277697657
47	69508.67177323769
48	70162.69317244596
49	69188.84715567401
50	66986.37553163589
51	64505.67963737555
52	62938.10111852037
53	60648.79206461656
54	58192.55511281865
55	55561.296801126235
56	53524.227530040844
57	51560.53045999699
58	49666.10572731526
59	47840.17198118593
60	46083.64541899936
61	44399.214466696016
62	42791.81160314254
63	41272.03703657464
64	40842.81023246886
65	40010.35912542605
66	38802.587442457065
67	37345.188705633525
68	35853.33958005471
69	34607.71471113109
70	33912.240349470456
71	32925.745620682224
72	32551.206782017653
73	32040.337805942945
74	31280.12573824806
75	30623.570003652385
76	30073.159190055932
77	29628.846110330323
78	29298.52064280422
79	29096.799380247725
80	29304.80987121444
81	29617.795808403804
82	29901.11791606452
83	30596.441651459107
84	31489.158779466474
85	32556.53586602272
86	33780.32566478303
87	35141.89711346247
88	36627.921380799206
89	38228.85432875441
90	39937.40083514958
91	41747.777546774676
92	43655.96838945784
93	45660.955255705165
94	46957.76851235585
95	49152.90199420539
96	51195.96830578066
97	52204.786419286545
98	51756.416752796846
99	50013.90717872904
100	47711.937835337594
101	45949.67996054817
102	43944.17028829284
103	42034.591227758225
104	40221.88506519921
105	38509.7547419093
106	36903.857771144976
107	35411.46657454443
108	34041.13145104711
109	32804.19484941948
110	32388.323914464
111	31708.632929710104
112	30808.231486531313
113	30102.11904288603
114	30183.255393226245
115	30259.522392822175
116	30326.592884199556
117	30383.42300382718
118	31286.083440973867
119	32413.333022947903
120	33735.29907783036
121	35231.0674126663
122	36884.07809292914
123	38680.92355389805
124	40611.82736598098
125	42351.19995112131
126	44559.49408656201
127	45600.45327996047
128	44744.95107898179
129	42574.6911976768
130	40703.56751251101
131	38769.52418077748
132	36969.154876322806
133	35312.35869436046
134	33812.78272139651
135	32487.664487525944
136	31359.89679707804
137	30461.499925141296
138	30467.154758247205
139	30443.85258320691
140	31324.450704425435
141	31990.132689839582
142	32461.106343234092
143	33785.72826732654
144	35281.04502826474
145	36928.95985178351
146	38714.27325331611
147	40624.264663299065
148	42648.29153120884
149	44778.05531667122
150	47001.35320783542
151	49053.70000813213
152	48939.58297999033
153	46775.83802900099
154	44673.2998776721
155	42543.24400356487
156	40518.76545131887
157	38608.14294058378
158	36822.08863734891
159	35173.55542222399
160	33678.445531512465
161	32356.833004393196
162	31236.069131728455
163	30345.42150893355
164	30287.775466888383
165	30223.295489114218
166	30152.83841198537
167	30910.474639239736
168	31890.613556756725
169	33065.46299894875
170	34415.83178907564
171	35926.15191448151
172	37583.19963207913
173	39375.291611468645
174	41291.18026797126
