Gaussian Denoiser Window Size: 2
Predicted sites number: 9
Predicted nucleotides number: 9

Site#1:
12
Site#2:
48
Site#3:
79
Site#4:
98
Site#5:
114
Site#6:
128
Site#7:
139
Site#8:
152
Site#9:
166

extremaRank	extremaLoc	extremaNt	extremaNDS_gd
1	79	79	29197.66
2	12	12	29240.36
3	114	114	30142.69
4	166	166	30188.07
5	139	139	30455.5
6	128	128	45172.7
7	152	152	48996.64
8	98	98	51980.6
9	48	48	69835.68

Gaussian Denoised Signal:
1	1	41008.28
2	2	40053.51
3	3	38206.32
4	4	36489.44
5	5	34914.26
6	6	33493.16
7	7	32240.61
8	8	31174.3
9	9	30317.24
10	10	29733.74
11	11	29331.01
12	12	29240.36
13	13	29507.56
14	14	29895.46
15	15	30391.53
16	16	30871.22
17	17	31205.27
18	18	31716.77
19	19	32534.76
20	20	33458.89
21	21	34196.93
22	22	34859.16
23	23	35791.37
24	24	36872.31
25	25	37984.82
26	26	39026.86
27	27	39918.94
28	28	40607.74
29	29	41067.68
30	30	41300.72
31	31	42122.47
32	32	43685.92
33	33	45330.73
34	34	47049.07
35	35	48837.25
36	36	50693.38
37	37	52616.65
38	38	54608.08
39	39	56081.69
40	40	57182.34
41	41	58480.86
42	42	59671.5
43	43	60509
44	44	61960.48
45	45	64027.33
46	46	66216.26
47	47	68496.59
48	48	69835.68
49	49	69675.77
50	50	68087.61
51	51	65746.03
52	52	63721.89
53	53	61793.45
54	54	59420.67
55	55	56876.93
56	56	54542.76
57	57	52542.38
58	58	50613.32
59	59	48753.14
60	60	46961.91
61	61	45241.43
62	62	43595.51
63	63	42031.92
64	64	41057.42
65	65	40426.58
66	66	39406.47
67	67	38073.89
68	68	36599.26
69	69	35230.53
70	70	34259.98
71	71	33418.99
72	72	32738.48
73	73	32295.77
74	74	31660.23
75	75	30951.85
76	76	30348.36
77	77	29851
78	78	29463.68
79	79	29197.66
80	80	29200.8
81	81	29461.3
82	82	29759.46
83	83	30248.78
84	84	31042.8
85	85	32022.85
86	86	33168.43
87	87	34461.11
88	88	35884.91
89	89	37428.39
90	90	39083.13
91	91	40842.59
92	92	42701.87
93	93	44658.46
94	94	46309.36
95	95	48055.34
96	96	50174.44
97	97	51700.38
98	98	51980.6
99	99	50885.16
100	100	48862.92
101	101	46830.81
102	102	44946.93
103	103	42989.38
104	104	41128.24
105	105	39365.82
106	106	37706.81
107	107	36157.66
108	108	34726.3
109	109	33422.66
110	110	32596.26
111	111	32048.48
112	112	31258.43
113	113	30455.18
114	114	30142.69
115	115	30221.39
116	116	30293.06
117	117	30355.01
118	118	30834.75
119	119	31849.71
120	120	33074.32
121	121	34483.18
122	122	36057.57
123	123	37782.5
124	124	39646.38
125	125	41481.51
126	126	43455.35
127	127	45079.97
128	128	45172.7
129	129	43659.82
130	130	41639.13
131	131	39736.55
132	132	37869.34
133	133	36140.76
134	134	34562.57
135	135	33150.22
136	136	31923.78
137	137	30910.7
138	138	30464.33
139	139	30455.5
140	140	30884.15
141	141	31657.29
142	142	32225.62
143	143	33123.42
144	144	34533.39
145	145	36105
146	146	37821.62
147	147	39669.27
148	148	41636.28
149	149	43713.17
150	150	45889.7
151	151	48027.53
152	152	48996.64
153	153	47857.71
154	154	45724.57
155	155	43608.27
156	156	41531
157	157	39563.45
158	158	37715.12
159	159	35997.82
160	160	34426
161	161	33017.64
162	162	31796.45
163	163	30790.75
164	164	30316.6
165	165	30255.54
166	166	30188.07
167	167	30531.66
168	168	31400.54
169	169	32478.04
170	170	33740.65
171	171	35170.99
172	172	36754.68
173	173	38479.25
174	174	40333.24
====================

