Gaussian Denoiser Window Size: 2
Predicted sites number: 7
Predicted nucleotides number: 7

Site#1:
1
Site#2:
14
Site#3:
27
Site#4:
40
Site#5:
50
Site#6:
58
Site#7:
67

extremaRank	extremaLoc	extremaNt	extremaNDS_gd
1	40	40	5541.79
2	14	14	5542.53
3	58	58	5764.44
4	67	67	9944.19
5	50	50	10055.74
6	1	1	10408.61
7	27	27	11341.54

Gaussian Denoised Signal:
1	1	10408.61
2	2	9968.79
3	3	9122.89
4	4	8346.6
5	5	7644.31
6	6	7021.5
7	7	6487.65
8	8	6232.56
9	9	6177.44
10	10	6059.51
11	11	5890.2
12	12	5704.72
13	13	5555.99
14	14	5542.53
15	15	5687.92
16	16	5888.08
17	17	6046.76
18	18	6305.36
19	19	6741.87
20	20	7255.53
21	21	7794.98
22	22	8417.34
23	23	9080.95
24	24	9543.91
25	25	10132.9
26	26	10957.64
27	27	11341.54
28	28	10926.1
29	29	10101.33
30	30	9505.85
31	31	9017.16
32	32	8350.86
33	33	7752.92
34	34	7232.22
35	35	6719.1
36	36	6285.62
37	37	5938.65
38	38	5688.72
39	39	5544.82
40	40	5541.79
41	41	5702.77
42	42	6000.46
43	43	6407.25
44	44	6910.7
45	45	7504.09
46	46	8094.6
47	47	8771.09
48	48	9519.52
49	49	10010.6
50	50	10055.74
51	51	9635.77
52	52	8906.43
53	53	8183.89
54	54	7554.98
55	55	6963.05
56	56	6461.06
57	57	6056.26
58	58	5764.44
59	59	5775.08
60	60	6009.75
61	61	6167.01
62	62	6456.77
63	63	6989.04
64	64	7612.8
65	65	8317.15
66	66	9095.86
67	67	9944.19
====================

