"nt"	"nds"
1	10408.608214236161
2	9528.979456821125
3	8716.801855432159
4	7976.389798197924
5	7312.220590217612
6	6730.771760634243
7	6244.531319610649
8	6220.595265185887
9	6134.28652641619
10	5984.741209179604
11	5795.657422791711
12	5613.789279875658
13	5498.184835879725
14	5586.8702595508375
15	5788.965904071552
16	5987.1993145984225
17	6106.322848456676
18	6504.390166489786
19	6979.348410430662
20	7531.707429388726
21	8058.259576165431
22	8776.426179742613
23	9385.467020878732
24	9702.35849502651
25	10563.44228201525
26	11351.837099611368
27	11331.251806271152
28	10520.942060023337
29	9681.71719343952
30	9329.982639761858
31	8704.330498566926
32	7997.381452091587
33	7508.465262089208
34	6955.969887425447
35	6482.226496174444
36	6089.019353840879
37	5788.273227344306
38	5589.17555988665
39	5500.458349968602
40	5583.112018570111
41	5822.419222854401
42	6178.495680313416
43	6636.013919754978
44	7185.380519443536
45	7822.800822964406
46	8366.39223297094
47	9175.784362385755
48	9863.25384696102
49	10157.94855749991
50	9953.524128337374
51	9318.014399430067
52	8494.845518041077
53	7872.937629942976
54	7237.015744187862
55	6689.081325836287
56	6233.036512722976
57	5879.48845879867
58	5649.387584784969
59	5900.766028144405
60	6118.728218170757
61	6215.281944932698
62	6698.264161139007
63	7279.824419861306
64	7945.766019107696
65	8688.532546739627
66	9503.180482099046
67	10385.191921974863
