"nt"	"nds"
1	2491.6795958013536
2	2103.247900461171
3	1821.1052301102552
4	1599.4529151557458
5	1439.0235948257564
6	1341.8600159749924
7	1377.9851591377485
8	1379.1645477764728
9	1345.3668502255994
10	1447.7771223100267
11	1654.9627844170743
12	1788.7238966414382
13	2102.529211824826
14	2369.1535835076716
15	2363.8037523885055
16	2091.2450917929355
17	1783.1346508584927
18	1642.9874085601116
19	1441.920608313019
20	1340.2087061243965
21	1367.4425250936777
22	1336.8443330558102
23	1433.3083513052986
24	1593.7863115916393
25	1815.7650631399522
26	2098.2881358890368
27	2483.4261370113554
