Gaussian Denoiser Window Size: 2
Predicted sites number: 5
Predicted nucleotides number: 7

Site#1:
1
Site#2:
7
8
9
Site#3:
15
Site#4:
22
Site#5:
27

extremaRank	extremaLoc	extremaNt	extremaNDS_gd
1	22	22	1352.14
2	7	7	1359.92
3	9	9	1362.27
4	8	8	1378.57
5	27	27	2290.86
6	15	15	2366.48
7	1	1	2491.68

Gaussian Denoised Signal:
1	1	2491.68
2	2	2297.46
3	3	1962.18
4	4	1710.28
5	5	1519.24
6	6	1390.44
7	7	1359.92
8	8	1378.57
9	9	1362.27
10	10	1396.57
11	11	1551.37
12	12	1721.84
13	13	1945.63
14	14	2235.84
15	15	2366.48
16	16	2227.52
17	17	1937.19
18	18	1713.06
19	19	1542.45
20	20	1391.06
21	21	1353.83
22	22	1352.14
23	23	1385.08
24	24	1513.55
25	25	1704.78
26	26	1957.03
27	27	2290.86
====================

