"nt"	"nds"
1	7622.157694240756
2	6935.763965112522
3	6317.7622920601925
4	5774.587496706337
5	5314.182866155436
6	4947.670081878937
7	4820.462237666833
8	4554.443404878859
9	4318.13833757832
10	4325.983571479358
11	4412.570733692279
12	4575.10122766865
13	4969.458956007762
14	5251.472014469589
15	5660.000187088617
16	6138.434844043357
17	6682.013552067254
18	7289.635495019885
19	7947.085158666304
20	8598.084567936254
21	8643.840867546576
22	8041.719706009957
23	7335.658426625382
24	6730.374831618885
25	6188.7072344224725
26	5711.1070799873705
27	5300.936509001894
28	5264.432812937303
29	5148.9091556661015
30	4961.86830807459
31	4746.672718794771
32	4577.798245489813
33	4418.849020498696
34	4331.684644826875
35	4320.2994504024055
36	4446.457991332201
37	4630.376876045302
38	4807.327328449213
39	4932.556980669245
40	4995.223413713375
41	5419.321595320606
42	5944.511331660242
43	6495.682000078105
44	6541.858098941955
45	6040.924632378825
46	5470.601818574167
47	5060.492608094056
48	5035.646397505788
49	5396.027913474032
50	5854.190616609034
51	6396.343842932921
52	7013.287303865621
53	7698.239907453102
