Gaussian Denoiser Window Size: 2
Predicted sites number: 7
Predicted nucleotides number: 7

Site#1:
1
Site#2:
10
Site#3:
21
Site#4:
35
Site#5:
44
Site#6:
48
Site#7:
53

extremaRank	extremaLoc	extremaNt	extremaNDS_gd
1	10	10	4322.06
2	35	35	4325.99
3	48	48	5048.07
4	44	44	6518.77
5	53	53	7355.76
6	1	1	7622.16
7	21	21	8620.96

Gaussian Denoised Signal:
1	1	7622.16
2	2	7278.96
3	3	6626.76
4	4	6046.17
5	5	5544.39
6	6	5130.93
7	7	4884.07
8	8	4687.45
9	9	4436.29
10	10	4322.06
11	11	4369.28
12	12	4493.84
13	13	4772.28
14	14	5110.47
15	15	5455.74
16	16	5899.22
17	17	6410.22
18	18	6985.82
19	19	7618.36
20	20	8272.58
21	21	8620.96
22	22	8342.78
23	23	7688.69
24	24	7033.02
25	25	6459.54
26	26	5949.91
27	27	5506.02
28	28	5282.68
29	29	5206.67
30	30	5055.39
31	31	4854.27
32	32	4662.24
33	33	4498.32
34	34	4375.27
35	35	4325.99
36	36	4383.38
37	37	4538.42
38	38	4718.85
39	39	4869.94
40	40	4963.89
41	41	5207.27
42	42	5681.92
43	43	6220.1
44	44	6518.77
45	45	6291.39
46	46	5755.76
47	47	5265.55
48	48	5048.07
49	49	5215.84
50	50	5625.11
51	51	6125.27
52	52	6704.82
53	53	7355.76
====================

