"nt"	"nds"
1	23212.189406751684
2	21852.962691428253
3	20579.291642842647
4	19398.57739570659
5	18318.84812776605
6	17350.301702551722
7	16507.018824179468
8	15809.969837588678
9	15879.29690367944
10	15889.074221529363
11	15848.955075354326
12	16531.821050322025
13	17284.283193260064
14	18211.678592519733
15	18757.528958002193
16	19863.916926390797
17	21074.330032135076
18	22088.827656707726
19	23522.85945748394
20	24692.147041944456
21	25114.91220439069
22	24631.298665331535
23	23425.660689066124
24	21998.88459073795
25	21038.422645290884
26	19825.835032851464
27	18717.312517130722
28	18110.683261643284
29	17178.105653706127
30	16488.21900926087
31	15805.473492709625
32	15732.506397756773
33	15589.451161461384
34	16228.091084982221
35	17024.117982968768
36	17961.199774415356
37	18918.751855003524
38	20125.42310435055
39	20872.85382298801
40	20763.055306543796
41	19862.873419337855
42	18660.18002017015
43	17857.919602331203
44	16917.61071745599
45	16114.114148822613
46	15462.817551184235
47	15332.189019641157
48	15167.48290962742
49	14965.00525117764
50	14745.425254136175
51	14548.199322331391
52	14428.48767566497
53	14657.008647035642
54	14994.126534764779
55	15430.29994812125
56	15957.550844999154
57	16564.212551314427
58	17246.05307108311
59	18003.801301398307
60	18815.442868620285
61	19828.221160052668
62	20427.182602368528
63	21450.96237144363
64	22548.08876782486
65	23716.848535152305
66	24961.573096451313
67	25694.065623916664
68	26949.708396262053
69	28385.82828990372
70	29678.407209788627
71	30574.5183610781
72	30915.224005475186
73	30642.52856549503
74	29801.706715716515
75	28539.87666390322
76	27100.55829520419
77	25804.38102698284
78	25001.59635302133
79	23758.39093814676
80	22591.031650915877
81	21494.816669952343
82	20471.181458941042
83	20127.141044896005
84	19449.485955471595
85	18636.896796169785
86	18027.49528495351
87	17273.170697225953
88	16593.52892452568
89	15987.493786349183
90	15457.587439900833
91	15287.603401289714
92	15010.375612582928
93	14676.005747977935
94	14447.333572476995
95	14573.418944861882
96	14763.220501676726
97	14979.208656924133
98	15191.602508465276
99	15379.093332578232
100	15529.259645433607
101	15640.098916758196
102	15722.361498266022
103	16430.64491944419
104	17280.37567830755
105	18251.609528838228
106	19331.758769510307
107	20511.637976618298
108	21783.861569979304
109	23141.426491983235
