Gaussian Denoiser Window Size: 2
Predicted sites number: 9
Predicted nucleotides number: 11

Site#1:
1
Site#2:
9
10
11
Site#3:
21
Site#4:
33
Site#5:
40
Site#6:
52
Site#7:
73
Site#8:
95
Site#9:
109

extremaRank	extremaLoc	extremaNt	extremaNDS_gd
1	52	52	14488.34
2	95	95	14510.38
3	33	33	15660.98
4	9	9	15844.63
5	11	11	15869.01
6	10	10	15884.19
7	40	40	20817.95
8	109	109	22462.64
9	1	1	23212.19
10	21	21	24903.53
11	73	73	30778.88

Gaussian Denoised Signal:
1	1	23212.19
2	2	22532.58
3	3	21216.13
4	4	19988.93
5	5	18858.71
6	6	17834.57
7	7	16928.66
8	8	16158.49
9	9	15844.63
10	10	15884.19
11	11	15869.01
12	12	16190.39
13	13	16908.05
14	14	17747.98
15	15	18484.6
16	16	19310.72
17	17	20469.12
18	18	21581.58
19	19	22805.84
20	20	24107.5
21	21	24903.53
22	22	24873.11
23	23	24028.48
24	24	22712.27
25	25	21518.65
26	26	20432.13
27	27	19271.57
28	28	18414
29	29	17644.39
30	30	16833.16
31	31	16146.85
32	32	15768.99
33	33	15660.98
34	34	15908.77
35	35	16626.1
36	36	17492.66
37	37	18439.98
38	38	19522.09
39	39	20499.14
40	40	20817.95
41	41	20312.96
42	42	19261.53
43	43	18259.05
44	44	17387.77
45	45	16515.86
46	46	15788.47
47	47	15397.5
48	48	15249.84
49	49	15066.24
50	50	14855.22
51	51	14646.81
52	52	14488.34
53	53	14542.75
54	54	14825.57
55	55	15212.21
56	56	15693.93
57	57	16260.88
58	58	16905.13
59	59	17624.93
60	60	18409.62
61	61	19321.83
62	62	20127.7
63	63	20939.07
64	64	21999.53
65	65	23132.47
66	66	24339.21
67	67	25327.82
68	68	26321.89
69	69	27667.77
70	70	29032.12
71	71	30126.46
72	72	30744.87
73	73	30778.88
74	74	30222.12
75	75	29170.79
76	76	27820.22
77	77	26452.47
78	78	25402.99
79	79	24379.99
80	80	23174.71
81	81	22042.92
82	82	20983
83	83	20299.16
84	84	19788.31
85	85	19043.19
86	86	18332.2
87	87	17650.33
88	88	16933.35
89	89	16290.51
90	90	15722.54
91	91	15372.6
92	92	15148.99
93	93	14843.19
94	94	14561.67
95	95	14510.38
96	96	14668.32
97	97	14871.21
98	98	15085.41
99	99	15285.35
100	100	15454.18
101	101	15584.68
102	102	15681.23
103	103	16076.5
104	104	16855.51
105	105	17765.99
106	106	18791.68
107	107	19921.7
108	108	21147.75
109	109	22462.64
====================

