"nt"	"nds"
1	6244.7310967351
2	5707.377159537843
3	5157.030351744767
4	4696.985257831674
5	4342.05186270273
6	4323.887293270909
7	4269.186757434794
8	4195.788188100141
9	4440.283597809421
10	4781.145433959725
11	5208.00285003358
12	5717.546929480578
13	6228.929685575386
14	6909.135180974394
15	7437.764704280075
16	7617.485906238019
17	7389.584486916166
18	6832.054915072297
19	6157.94675363557
20	5689.486534953202
21	5178.732867951598
22	4751.037067553513
23	4410.078065643774
24	4166.334772024665
25	4188.07802346509
26	4173.272943921258
27	4431.929203399875
28	4798.5488841568695
29	5259.89064369697
30	5804.406482802596
31	6309.526119237368
32	7011.2504744621465
33	7507.409392565743
34	7564.230504746596
35	7153.595112650463
36	6458.537119731017
37	5865.392551625493
38	5322.047550558606
39	4857.79099227339
40	4713.411943731016
41	4468.54681721981
42	4204.436275780449
43	4248.024993992522
44	4297.299696717122
45	4338.8934228904955
46	4365.2531428710145
47	4374.291004675804
48	4368.886531883791
49	4357.3789803153495
50	4719.276821052836
51	5181.496290529814
52	5730.2191797555815
53	6297.860217328233
54	6999.57067500476
55	7440.962346691312
56	7423.9000250664485
