"nt"	"nds"
1	8615.66114265119
2	7879.406142560857
3	7227.360463250787
4	6669.9107779916
5	6222.75547876782
6	6247.929888555305
7	6257.965259477889
8	6239.6870451745435
9	6194.086212828642
10	6133.579875203208
11	6083.354813201478
12	6456.527280045263
13	6929.332837843995
14	7486.797454307561
15	8124.256333395361
16	8701.968644864432
17	9506.173185962227
18	10154.002420075707
19	10396.235876539266
20	10149.92123857664
21	9500.461934093504
22	8697.397226278741
23	8122.503371519148
24	7484.913640036785
25	6926.914112242453
26	6452.799649459959
27	6077.369816410275
28	6111.416752060623
29	6159.452764255826
30	6203.4908752645215
31	6232.27613517093
32	6239.486688865047
33	6222.706160928066
34	6182.931032239755
35	6124.502583119194
36	6055.784370502583
37	5990.039885625616
38	5947.051797997286
39	6267.074436298177
40	6680.701180946537
41	7175.116562554671
42	7745.142935118919
43	8390.373090325305
44	8972.67132701076
45	9780.728245064385
46	10430.828347241444
47	10672.719641854601
48	10422.48765925341
49	9767.033812967344
50	8960.148135014962
51	8385.624287346442
52	7740.636793967244
53	7171.588320447994
54	6679.458024763815
55	6270.4580491681
56	5956.9884545713885
57	6077.40294056842
58	6177.980708456914
59	6205.363103094554
60	6647.28771497101
61	7201.130379686895
62	7851.5525762359575
63	8587.390474606376
