Gaussian Denoiser Window Size: 2
Predicted sites number: 10
Predicted nucleotides number: 11

Site#1:
1
Site#2:
6
7
Site#3:
11
Site#4:
19
Site#5:
28
Site#6:
32
Site#7:
38
Site#8:
47
Site#9:
57
Site#10:
63

extremaRank	extremaLoc	extremaNt	extremaNDS_gd
1	38	38	5968.55
2	57	57	6017.2
3	28	28	6094.39
4	11	11	6108.47
5	6	6	6235.34
6	32	32	6235.88
7	7	7	6252.95
8	63	63	8219.47
9	1	1	8615.66
10	19	19	10275.12
11	47	47	10551.77

Gaussian Denoised Signal:
1	1	8615.66
2	2	8247.53
3	3	7553.38
4	4	6948.64
5	5	6446.33
6	6	6235.34
7	7	6252.95
8	8	6248.83
9	9	6216.89
10	10	6163.83
11	11	6108.47
12	12	6269.94
13	13	6692.93
14	14	7208.07
15	15	7805.53
16	16	8413.11
17	17	9104.07
18	18	9830.09
19	19	10275.12
20	20	10273.08
21	21	9825.19
22	22	9098.93
23	23	8409.95
24	24	7803.71
25	25	7205.91
26	26	6689.86
27	27	6265.08
28	28	6094.39
29	29	6135.43
30	30	6181.47
31	31	6217.88
32	32	6235.88
33	33	6231.1
34	34	6202.82
35	35	6153.72
36	36	6090.14
37	37	6022.91
38	38	5968.55
39	39	6107.06
40	40	6473.89
41	41	6927.91
42	42	7460.13
43	43	8067.76
44	44	8681.52
45	45	9376.7
46	46	10105.78
47	47	10551.77
48	48	10547.6
49	49	10094.76
50	50	9363.59
51	51	8672.89
52	52	8063.13
53	53	7456.11
54	54	6925.52
55	55	6474.96
56	56	6113.72
57	57	6017.2
58	58	6127.69
59	59	6191.67
60	60	6426.33
61	61	6924.21
62	62	7526.34
63	63	8219.47
====================

