"nt"	"nds"
1	1955.6035987907264
2	1870.6170658910744
3	1859.821064459183
4	1920.234798771792
5	2054.778293099731
6	2256.735213198338
7	2548.0552055445382
8	2834.761600181529
9	3055.18631562924
10	3172.6340342732365
11	3170.0579805653797
12	3047.7897477676183
13	2823.600966145321
14	2535.1992721559836
15	2245.6468953808794
16	2050.2423657967825
17	1914.557683865561
18	1852.3421318767273
19	1860.1763767643786
20	1941.2619242150024
21	2086.9743703913214
22	2317.634938545536
23	2570.051981145053
24	2802.1268969013254
25	2986.389266372669
26	3105.3761085618185
27	3149.2241922159915
28	3114.6024801358626
29	3004.420110955096
30	2828.192502137727
31	2603.0027700867713
32	2356.0268909220667
