"nt"	"nds"
1	2082.3380771604866
2	1983.5441952774029
3	1959.4198330813613
4	2007.3264655492123
5	2130.8705751195766
6	2324.0527805372085
7	2609.205397795297
8	2901.7273447777698
9	3144.805628238382
10	3302.740925930623
11	3355.7915408965187
12	3297.837776949227
13	3135.566343091323
14	2889.303716958531
15	2595.6639628053535
16	2312.7659366533276
17	2126.3262850760543
18	2001.6477826601124
19	1951.9383204276285
20	1973.1030442241085
21	2067.9926460253073
22	2220.670927635496
23	2463.361703179763
24	2730.0255631502037
25	2975.8178028797533
26	3171.2461102552934
27	3297.4450492478263
28	3343.7876374884613
29	3306.660233350137
30	3189.280018353074
31	3001.8956658128595
32	2762.973571816465
33	2501.7635139019144
