Gaussian Denoiser Window Size: 2
Predicted sites number: 4
Predicted nucleotides number: 5

Site#1:
1
3
Site#2:
11
Site#3:
19
Site#4:
28

extremaRank	extremaLoc	extremaNt	extremaNDS_gd
1	19	19	1856.26
2	3	3	1865.22
3	1	1	1955.6
4	28	28	3131.91
5	11	11	3171.35

Gaussian Denoised Signal:
1	1	1955.6
2	2	1913.11
3	3	1865.22
4	4	1890.03
5	5	1987.51
6	6	2155.76
7	7	2402.4
8	8	2691.41
9	9	2944.97
10	10	3113.91
11	11	3171.35
12	12	3108.92
13	13	2935.7
14	14	2679.4
15	15	2390.42
16	16	2147.94
17	17	1982.4
18	18	1883.45
19	19	1856.26
20	20	1900.72
21	21	2014.12
22	22	2202.3
23	23	2443.84
24	24	2686.09
25	25	2894.26
26	26	3045.88
27	27	3127.3
28	28	3131.91
29	29	3059.51
30	30	2916.31
31	31	2715.6
32	32	2479.51
====================

