"nt"	"nds"
1	2049.807577796862
2	1975.7532384607596
3	1977.1576027163565
4	2050.5908439244204
5	2198.6597410426834
6	2408.698885554735
7	2713.4145438080072
8	3014.5292527903966
9	3246.6631435700638
10	3370.539296133589
11	3367.9388938783845
12	3239.1549254445995
13	3003.233362726887
14	2700.397114856958
15	2397.4808160256057
16	2194.0647552503715
17	2044.8333587731424
18	1969.580401077052
19	1965.1806006273675
20	2035.3853794668942
21	2175.9877874478557
22	2401.855761395856
23	2654.123849088459
24	2893.320755075581
25	3093.327358841516
26	3236.879432290412
27	3313.440025151349
28	3317.778575930258
29	3249.7848893709884
30	3114.259357773739
31	2921.5021493011677
32	2688.4522555792723
33	2441.0409308832495
