"nt"	"nds"
1	2267.01083132361
2	1836.3030612417035
3	1560.6956921807694
4	1345.906114623592
5	1304.9020641692352
6	1210.5852264751727
7	1111.3683921960655
8	1094.9473445390609
9	1152.3406997868312
10	1282.6551729840185
11	1477.5489683514147
12	1759.8561973836986
13	2007.6920543258564
14	2015.552516701369
15	1776.9176998210373
16	1486.2560002537857
17	1291.9740952381085
18	1160.9495023385425
19	1148.5034470991611
20	1099.2294043609556
21	1118.7289575588377
22	1260.7840122207315
23	1341.992305107006
24	1557.7266925723923
25	1836.1045050854016
