"nt"	"nds"
1	18011.088804564493
2	16769.09643688425
3	15599.365753889982
4	14506.525776092529
5	13496.032645231242
6	12575.429376964117
7	11756.485107526543
8	11060.975884454188
9	10929.405639061732
10	10723.091727205272
11	10451.423773717723
12	10149.55373458196
13	9873.742367019837
14	9692.321770372795
15	9550.305274632818
16	9510.660426702712
17	9906.360835040998
18	10191.116391609661
19	10557.655482216216
20	11200.388913262972
21	11693.368114301016
22	12555.940596704633
23	13535.049800223545
24	14423.925346142312
25	15611.748409294514
26	16234.687993474407
27	15876.596148794579
28	14752.3814952037
29	13671.798742758781
30	12689.184676105293
31	11820.823737274643
32	11509.14448446312
33	10900.325035444628
34	10341.783059505728
35	10842.299578746964
36	11511.964871469578
37	12104.521582395826
38	12334.206712901634
39	12102.62656768377
40	11520.09765543941
41	10843.335253243666
42	10348.599263804846
43	10824.687988282727
44	11481.126649855029
45	12276.746934612322
46	12850.035696951232
47	13221.930892756562
48	14242.6133831713
49	15348.170033194167
50	16603.620601422062
51	17644.76552857995
52	17501.588760878156
53	16316.206839704339
54	15213.960457413315
55	14109.17404784125
56	13093.753092176026
57	12181.558554678415
58	11386.689392177022
59	10725.03064247469
60	10218.039888669698
61	10172.491109682525
62	10054.671256359483
63	9861.840679302306
64	9651.651808719276
65	9507.589039027784
66	9554.47481576123
67	9704.326966210669
68	10304.321327612539
69	10881.991461103846
70	11521.10102984995
71	12299.432517136653
72	13195.88963687745
73	14197.967900434058
74	15197.021276292464
75	16329.932870066166
76	16504.348008906807
77	15549.707111039343
78	14365.398593465205
79	13368.062904231632
80	12476.53483271966
81	11702.741097168713
82	11068.783436908172
83	11106.284957102986
84	11131.756699251782
85	11144.17434426387
86	11144.331022003034
87	11833.011782539683
88	12648.854749216276
89	13567.719087802372
90	14577.282544241196
91	15669.286003960895
92	16837.668560656628
93	18076.95499649102
94	19772.586555032314
