"nt"	"nds"
1	19650.035745511716
2	18392.881798962553
3	17205.864285872336
4	16092.849297437719
5	15058.743498833019
6	14110.394291112445
7	13258.938119599936
8	12527.469730291004
9	12482.368404842156
10	12413.763129439243
11	12316.814669964426
12	12190.191479507488
13	12035.893546697494
14	11859.097571747732
15	11667.512536993401
16	11471.520208517124
17	11283.568377822898
18	11117.778184408915
19	10989.417042667199
20	10913.992992198304
21	10867.891749633583
22	10911.706643231058
23	11033.075459524967
24	11228.781899545958
25	11546.64678120114
26	11752.803681741607
27	12152.291157526945
28	12629.760038756114
29	13191.740730426643
30	14538.446395374314
31	15390.479239726807
32	16353.386027807459
33	17117.308272000322
34	18270.76521323413
35	19360.16595405492
36	20015.84826007859
37	20031.151313254963
38	19391.662952622337
39	18287.293995943513
40	17105.981294769095
41	16341.484412710115
42	15367.927327878959
43	14504.965155480748
44	14364.971784759276
45	14213.482332055099
46	14205.865521720694
47	14982.902366769938
48	15884.892127819943
49	16896.938681355343
50	18112.66662217755
51	19070.833032380724
52	18862.005271315044
53	17691.88933784432
54	16696.50180543883
55	15675.952135163507
56	14760.617892193262
57	13961.21703769387
58	13264.721534765722
59	12693.223203953115
60	12205.744994157001
61	11797.477629619694
62	11623.932006284303
63	11261.869590872726
64	11062.346722180588
65	10940.124345331587
66	10900.352998817436
67	10955.79726921272
68	11573.961617529752
69	12177.461261013057
70	12794.451887107245
71	13547.954332514833
72	14419.043342049405
73	15395.931999870101
74	16355.686920414913
75	17480.919318665077
76	17682.92143697828
77	16760.542854552015
78	15586.104973678852
79	14611.826363304657
80	13742.945217360962
81	12990.674378669697
82	12375.623502586304
83	12449.811664612447
84	12506.003655997312
85	12540.900767718309
86	12556.271841577685
87	13276.182538735955
88	14122.817289949953
89	15070.1200530187
90	16104.9809379087
91	17219.334859751427
92	18407.408209347304
93	19664.224687131384
94	21372.50660075539
