Gaussian Denoiser Window Size: 2
Predicted sites number: 11
Predicted nucleotides number: 11

Site#1:
1
Site#2:
16
Site#3:
27
Site#4:
31
Site#5:
37
Site#6:
43
Site#7:
52
Site#8:
66
Site#9:
76
Site#10:
83
Site#11:
94

extremaRank	extremaLoc	extremaNt	extremaNDS_gd
1	66	66	9771.19
2	16	16	9786.32
3	43	43	11015.05
4	31	31	11117.51
5	83	83	11363.97
6	27	27	14201.81
7	37	37	14203.53
8	76	76	16627.07
9	52	52	17900.85
10	1	1	18408.89
11	94	94	19313.67

Gaussian Denoised Signal:
1	1	18408.89
2	2	17784.02
3	3	16569.99
4	4	15429.58
5	5	14367.7
6	6	13390.67
7	7	12507.95
8	8	11736.05
9	9	11314.89
10	10	11144.74
11	11	10901.69
12	12	10608.55
13	13	10311.46
14	14	10072.77
15	15	9896.42
16	16	9786.32
17	17	9857.25
18	18	10101.51
19	19	10371.71
20	20	10571.11
21	21	10661.72
22	22	10968.29
23	23	11632.66
24	24	12382.28
25	25	13278.08
26	26	14080.97
27	27	14201.81
28	28	13543.62
29	29	12587.52
30	30	11760.92
31	31	11117.51
32	32	11146.17
33	33	11824.32
34	34	12647.3
35	35	13473.95
36	36	14046.83
37	37	14203.53
38	38	13909
39	39	13249.31
40	40	12418.79
41	41	11664.08
42	42	11060.36
43	43	11015.05
44	44	11558.87
45	45	12257.11
46	46	12929.01
47	47	13395.1
48	48	14082.72
49	49	15142.32
50	50	16333.19
51	51	17482.67
52	52	17900.85
53	53	17205.31
54	54	16062.15
55	55	14970.91
56	56	13915.07
57	57	12960.05
58	58	12120.85
59	59	11411.24
60	60	10844.61
61	61	10586.09
62	62	10516.82
63	63	10341.71
64	64	10079.74
65	65	9838.3
66	66	9771.19
67	67	9884.65
68	68	10249.95
69	69	10832.62
70	70	11447.48
71	71	12147.04
72	72	12975.45
73	73	13915.96
74	74	14902.19
75	75	15960.19
76	76	16627.07
77	77	16257.32
78	78	15195.22
79	79	14107
80	80	13171.51
81	81	12348.03
82	82	11653.49
83	83	11363.97
84	84	11403.43
85	85	11430.2
86	86	11443.88
87	87	11799.73
88	88	12566.92
89	89	13447.71
90	90	14424.02
91	91	15485.63
92	92	16625.57
93	93	17838.15
94	94	19313.67
====================

