"nt"	"nds"
1	1718.860703134469
2	1661.7870692902584
3	1678.0146149471234
4	1763.8760353612984
5	1920.775830399063
6	2144.6478034199085
7	2446.1806961599777
8	2705.334362672289
9	2850.0576355113576
10	2847.239143720982
11	2697.4484294267236
12	2435.107793240382
13	2134.077837388419
14	1916.2377020231984
15	1758.1926925033677
16	1670.5336607685954
17	1651.3479087682185
18	1704.5207310283795
19	1835.946315101367
20	2042.1508345900168
21	2265.87475071294
22	2470.458147601917
23	2632.46553548168
24	2737.086715106361
25	2775.973810542421
26	2746.3110782444505
27	2650.4819324032374
28	2496.5159231387165
29	2298.820823940507
30	2080.545218205549
