Gaussian Denoiser Window Size: 2
Predicted sites number: 4
Predicted nucleotides number: 5

Site#1:
1
3
Site#2:
10
Site#3:
17
Site#4:
26

extremaRank	extremaLoc	extremaNt	extremaNDS_gd
1	17	17	1660.94
2	3	3	1669.9
3	1	1	1718.86
4	26	26	2761.14
5	10	10	2848.65

Gaussian Denoised Signal:
1	1	1718.86
2	2	1690.32
3	3	1669.9
4	4	1720.95
5	5	1842.33
6	6	2032.71
7	7	2295.41
8	8	2575.76
9	9	2777.7
10	10	2848.65
11	11	2772.34
12	12	2566.28
13	13	2284.59
14	14	2025.16
15	15	1837.22
16	16	1714.36
17	17	1660.94
18	18	1677.93
19	19	1770.23
20	20	1939.05
21	21	2154.01
22	22	2368.17
23	23	2551.46
24	24	2684.78
25	25	2756.53
26	26	2761.14
27	27	2698.4
28	28	2573.5
29	29	2397.67
30	30	2189.68
====================

