"nt"	"nds"
1	7747.54566614609
2	8144.1986013156375
3	8281.083897576991
4	8128.0353783274695
5	7715.954795539776
6	7137.460534164971
7	6548.8868558192025
8	6160.921709067377
9	5699.125774151008
10	5304.636239359024
11	4973.661523572765
12	4705.133495581355
13	4499.21132746816
14	4357.348149013355
15	4283.94850101103
16	4397.680479403055
17	4502.050653435028
18	4521.90726331104
19	4478.324338460926
20	4603.274093293043
21	4703.836090210127
22	5000.082774182465
23	5473.932870381463
24	5807.741574211247
25	6307.697298203183
26	6873.769834270994
27	7513.234616418864
28	8106.331142543633
29	8113.826089410061
30	7528.698873097876
31	6881.083507160063
32	6314.731433585987
33	5813.549202471527
34	5623.647367642846
35	5286.102916252434
36	4982.331746234474
37	4690.182046684695
38	4478.936896778403
39	4516.05989455884
40	4495.513314677209
41	4394.055960911697
42	4282.974044788548
43	4357.061057933707
44	4499.708815112987
45	4706.549702430253
46	4976.203398149794
47	5308.656460772986
48	5705.216549572417
49	6169.906345075241
50	6576.513402271148
