"nt"	"nds"
1	7623.610353286698
2	8016.646441649288
3	8150.753039049094
4	7996.491728355736
5	7584.932103248118
6	7008.874157210441
7	6424.202151834885
8	6040.434528096382
9	5583.21220028296
10	5194.436783300456
11	4870.796702490633
12	4612.007021798907
13	4419.588452153833
14	4297.489284886557
15	4254.938313838631
16	4389.453639277515
17	4595.797913037992
18	4816.334886562833
19	5011.934932737172
20	5158.429551440627
21	5244.444325373117
22	5272.768926810762
23	5266.629512584905
24	5667.836110739462
25	6148.848340818553
26	6701.09266148031
27	7333.431344240233
28	7916.481379356137
29	7918.033595629013
30	7336.641531151317
31	6702.643013532344
32	6150.501651493444
33	5669.625033442845
34	5268.535575828406
35	5278.326871923016
36	5253.270500566812
37	5169.881184348004
38	5025.066380695092
39	4829.790150806847
40	4607.808103714288
41	4397.950528447941
42	4258.052031522861
43	4300.989273021088
44	4423.595053456127
45	4616.68225724528
46	4876.369713515933
47	5201.286424680179
48	5591.954584670838
49	6051.913919123154
50	6458.338831572403
