"nt"	"nds"
1	7435.520225259903
2	7823.825373693596
3	7960.282473754955
4	7814.797928857011
5	7416.188298116773
6	6853.461909543557
7	6277.719037342438
8	5894.974074729461
9	5447.9417345526
10	5068.106155143628
11	4751.6645109219
12	4497.395190611132
13	4305.267058871355
14	4176.266471964082
15	4113.881899680341
16	4216.462586237092
17	4308.661393128777
18	4326.148489607182
19	4285.391862107074
20	4406.080842582906
21	4496.496191144923
22	4775.666743897613
23	5129.346995213585
24	5556.282877011014
25	6047.646556179252
26	6601.882360192517
27	7233.556362043974
28	7809.177025253928
29	7808.1868689857565
30	7231.705094150245
31	6601.000347492637
32	6046.6409369887
33	5554.625620708647
34	5125.023633054473
35	4974.959920457693
36	4750.773189321924
37	4476.310438351093
38	4279.4288516488305
39	4300.834130508587
40	4228.531827327769
41	4109.286247743177
42	4171.2769399099625
43	4300.682363328646
44	4493.760449596648
45	4749.334054732852
46	5067.474638768971
47	5449.606886597393
48	5899.763666826304
49	6294.144191145541
