"nt"	"nds"
1	8046.247750068912
2	8453.699624558436
3	8594.578496391443
4	8437.612473362211
5	8014.722588241123
6	7421.496434858047
7	6818.697387124573
8	6421.966777876655
9	5945.61344185295
10	5536.652395215083
11	5191.343943002778
12	4908.711499043247
13	4689.003913686487
14	4533.9004667732315
15	4448.477668779149
16	4546.858052254864
17	4654.625120271905
18	4710.628781443387
19	4700.419391864352
20	4658.691813196811
21	4874.913969019032
22	5309.737503294824
23	5617.169004066677
24	6066.090969404926
25	6582.758514201363
26	7164.043945945145
27	7807.065735486763
28	8423.538664660371
29	8449.538568260496
30	7861.084412015991
31	7190.372546453751
32	6610.304342362491
33	6094.119343767166
34	5643.9599973082495
35	5548.921845923406
36	5342.859656059183
37	5077.145515692376
38	4864.606789815183
39	4652.985107761733
40	4692.692249094774
41	4675.220275635081
42	4569.152027784456
43	4449.772713809334
44	4534.825171950261
45	4690.078743517739
46	4910.407303014473
47	5194.024778355071
48	5540.746056145696
49	5951.732834320207
50	6430.965171885742
51	6846.2921238242
