"nt"	"nds"
1	17419.182840975896
2	16285.03236313229
3	15218.013552106415
4	14224.184936697488
5	13312.307689393227
6	12499.665549488858
7	11822.35243529763
8	11723.97826529076
9	12383.763245383996
10	12989.554523012646
11	12937.029849052027
12	12260.663217939953
13	11653.547289279402
14	11680.59685399922
15	12294.246841568409
16	13062.723102834334
17	14131.411877338265
18	14532.50353437293
19	13742.384136162818
20	12852.543739700983
21	12089.46492228015
22	11469.090670676802
23	10700.428355934562
24	10071.102213491344
25	9937.927564802416
26	9893.396123535817
27	10032.330444361507
28	10161.400678074484
29	10196.128260722706
30	10163.61891765519
31	10397.741197980402
32	10704.94194071743
33	11086.062284697151
34	11544.390007458653
35	12162.843408380606
36	12650.485311620829
37	12877.610763887034
38	13555.224528493503
39	14303.354772066737
40	15116.549024558833
41	15992.573052718264
42	16930.53393424608
43	17930.052684239283
44	18991.751742659446
45	20094.927194141488
46	21155.021001602847
47	21167.6134662434
48	20120.84330927981
49	19004.265708253
50	17943.07480575005
51	16943.989340170676
52	16006.603406908303
53	15131.035140354516
54	14318.131725768737
55	13569.853782106275
56	12891.570176718511
57	12748.274346235326
58	12418.056518886142
59	11939.05740267696
60	11432.499457354503
61	11081.796108473425
62	10702.342709255498
63	10396.542983087787
64	10164.014565867265
65	10193.513490862715
66	10081.940325041023
67	9894.590553612174
68	9933.297005314449
69	10059.397571932686
70	10189.350055066336
71	10416.706922589807
72	10702.071177891958
73	11002.998404777481
74	11280.81118454058
75	11505.686411687402
76	11661.214008092766
77	11750.968721977344
78	12437.556377604124
79	13245.87552534001
80	14152.559225248237
81	15142.878468656223
82	16207.963025233255
83	17341.32063844158
