Gaussian Denoiser Window Size: 2
Predicted sites number: 9
Predicted nucleotides number: 9

Site#1:
1
Site#2:
8
Site#3:
11
Site#4:
14
Site#5:
18
Site#6:
26
Site#7:
47
Site#8:
68
Site#9:
83

extremaRank	extremaLoc	extremaNt	extremaNDS_gd
1	68	68	9913.94
2	26	26	9915.66
3	14	14	11667.07
4	8	8	11773.17
5	11	11	12963.29
6	18	18	14331.96
7	83	83	16774.64
8	1	1	17419.18
9	47	47	21161.32

Gaussian Denoised Signal:
1	1	17419.18
2	2	16852.11
3	3	15751.52
4	4	14721.1
5	5	13768.25
6	6	12905.99
7	7	12161.01
8	8	11773.17
9	9	12053.87
10	10	12686.66
11	11	12963.29
12	12	12598.85
13	13	11957.11
14	14	11667.07
15	15	11987.42
16	16	12678.48
17	17	13597.07
18	18	14331.96
19	19	14137.44
20	20	13297.46
21	21	12471
22	22	11779.28
23	23	11084.76
24	24	10385.77
25	25	10004.51
26	26	9915.66
27	27	9962.86
28	28	10096.87
29	29	10178.76
30	30	10179.87
31	31	10280.68
32	32	10551.34
33	33	10895.5
34	34	11315.23
35	35	11853.62
36	36	12406.66
37	37	12764.05
38	38	13216.42
39	39	13929.29
40	40	14709.95
41	41	15554.56
42	42	16461.55
43	43	17430.29
44	44	18460.9
45	45	19543.34
46	46	20624.97
47	47	21161.32
48	48	20644.23
49	49	19562.55
50	50	18473.67
51	51	17443.53
52	52	16475.3
53	53	15568.82
54	54	14724.58
55	55	13943.99
56	56	13230.71
57	57	12819.92
58	58	12583.17
59	59	12178.56
60	60	11685.78
61	61	11257.15
62	62	10892.07
63	63	10549.44
64	64	10280.28
65	65	10178.76
66	66	10137.73
67	67	9988.27
68	68	9913.94
69	69	9996.35
70	70	10124.37
71	71	10303.03
72	72	10559.39
73	73	10852.53
74	74	11141.9
75	75	11393.25
76	76	11583.45
77	77	11706.09
78	78	12094.26
79	79	12841.72
80	80	13699.22
81	81	14647.72
82	82	15675.42
83	83	16774.64
====================

