"nt"	"nds"
1	17934.738498990104
2	16764.077440548168
3	15666.503027521083
4	14649.35308202009
5	13722.820016373567
6	12905.610290382865
7	12235.302492833034
8	12135.100620155996
9	12790.112304425102
10	13385.28455890875
11	13315.724895760539
12	12649.419487459265
13	12064.820026954761
14	12094.010230999014
15	12669.289609521524
16	13394.947420684613
17	14239.823767529524
18	15197.915330540016
19	16259.807115236186
20	16812.409798028355
21	16593.25377978517
22	15727.255617739911
23	14667.971317620326
24	14031.436811458323
25	13190.862470230146
26	12471.178564187197
27	11891.709382673318
28	11248.110348595588
29	10674.282284602687
30	10597.466007047738
31	10612.992455804275
32	10779.117734821712
33	10960.80928094412
34	11052.361671905372
35	11060.691392816525
36	11362.351914709256
37	11738.079031403426
38	12188.539410383013
39	12686.375926212682
40	13378.370396682505
41	13941.628655954572
42	14218.683306704137
43	14967.518029168072
44	15787.233952496956
45	16672.33349196364
46	17620.590975725103
47	18630.87368486921
48	19703.008598581015
49	20837.57894011149
50	22005.07369729665
51	23138.035555674964
52	23159.259273629443
53	22048.25255302717
54	20858.299403619712
55	19724.589468641956
56	18653.256996933487
57	17643.778034703795
58	16696.37085662892
59	15811.90350043219
60	14992.441845909876
61	14243.3221294292
62	14078.793298690647
63	13701.686608845655
64	13160.132785751066
65	12590.978652750666
66	12195.289653169293
67	11747.109443973235
68	11373.40156825715
69	11073.9461233471
70	11068.995851391084
71	10885.307356744997
72	10630.083481340816
73	10608.422835237216
74	10677.290420654548
75	10797.461178544581
76	10997.002510773433
77	11243.519914187262
78	11501.84363748795
79	11739.591450207428
80	11931.794427708584
81	12065.224977474541
82	12143.669305696218
83	12825.548928602206
84	13640.910490794487
85	14563.830582322567
86	15578.218106371658
87	16674.05459663559
88	17843.815286032062
