"nt"	"nds"
1	17825.851177783283
2	16661.987104000662
3	15570.010392235983
4	14557.024602324636
5	13632.966831948872
6	12816.298076608366
7	12144.350123039121
8	12044.689547632506
9	12701.009911628522
10	13299.051227846701
11	13232.988136713353
12	12564.13639504582
13	11974.709575460656
14	12003.640629048166
15	12586.535470512454
16	13320.395965989199
17	14172.713375191257
18	15190.65915897268
19	16170.181784981769
20	16405.3770343964
21	15764.82367939113
22	14688.258457767253
23	13963.144301436894
24	13115.094715168525
25	12387.220248515136
26	11799.648718848777
27	11131.3262664262
28	10545.370554010595
29	10457.35788057054
30	10460.945315296878
31	10621.707527725313
32	10793.007563514186
33	10873.225791336747
34	10873.361772501385
35	11161.577299528051
36	11523.65486195167
37	11960.333983874942
38	12450.417034565582
39	13127.829937374923
40	13675.951134710258
41	13942.914551011338
42	14677.551633461131
43	15482.975562981315
44	16353.738179770957
45	17287.580019442004
46	18283.42401563808
47	19341.11538898896
48	20461.09605985769
49	21615.816456274028
50	22734.13783301782
51	22753.549176954963
52	21655.351412637945
53	20480.09782167451
54	19360.82282169902
55	18303.92492107705
56	17308.852467231456
57	16375.746859737752
58	15505.584570158095
59	14700.27259825432
60	13965.30253815228
61	13804.94920279126
62	13437.127718998156
63	12908.081201311794
64	12351.427582156233
65	11964.760175505144
66	11530.286973364076
67	11170.098822339667
68	10883.970463662132
69	10885.86624906295
70	10716.551897628544
71	10474.861385516095
72	10465.23253230764
73	10545.523433732164
74	10667.588805058886
75	10872.384444508978
76	11126.283941793981
77	11392.78381521713
78	11638.26189519341
79	11836.895315052565
80	11974.882735079738
81	12055.851178496672
82	12738.97968001494
83	13553.326967623852
84	14473.453556218128
85	15483.515573153836
86	16573.702642202556
87	17736.679850429853
