Gaussian Denoiser Window Size: 2
Predicted sites number: 6
Predicted nucleotides number: 6

Site#1:
10
Site#2:
22
Site#3:
34
Site#4:
48
Site#5:
63
Site#6:
75

extremaRank	extremaLoc	extremaNt	extremaNDS_gd
1	34	34	7244.48
2	63	63	7277.98
3	10	10	7519.1
4	75	75	11929.21
5	22	22	14208.44
6	48	48	14909.09

Gaussian Denoised Signal:
1	1	11296.41
2	2	10845.69
3	3	9985.1
4	4	9210.35
5	5	8531.65
6	6	7966.71
7	7	7703.07
8	8	7664.03
9	9	7598.91
10	10	7519.1
11	11	7629.9
12	12	7985.3
13	13	8437.08
14	14	8942.1
15	15	9459.04
16	16	9846.65
17	17	10343.87
18	18	11120.33
19	19	11968.67
20	20	12914.75
21	21	13839.75
22	22	14208.44
23	23	13681.68
24	24	12757.9
25	25	11865.38
26	26	11014.02
27	27	10235.55
28	28	9556.91
29	29	8922.82
30	30	8346.82
31	31	7893.63
32	32	7539.82
33	33	7344.06
34	34	7244.48
35	35	7278.55
36	36	7504.29
37	37	7821.05
38	38	8220.39
39	39	8704.32
40	40	9275.81
41	41	9927.47
42	42	10649.9
43	43	11439.45
44	44	12295.61
45	45	13148.04
46	46	14069.85
47	47	14833.89
48	48	14909.09
49	49	14242.08
50	50	13287.55
51	51	12382.53
52	52	11530.28
53	53	10744.53
54	54	10025.07
55	55	9373.08
56	56	9010.16
57	57	8852.73
58	58	8623.61
59	59	8281.48
60	60	7885.85
61	61	7567.18
62	62	7334.38
63	63	7277.98
64	64	7360.71
65	65	7453.02
66	66	7540.46
67	67	7612.91
68	68	7665.28
69	69	7698.02
70	70	7965.28
71	71	8536.42
72	72	9217.55
73	73	9992.27
74	74	10850.86
75	75	11929.21
====================

