"nt"	"nds"
1	12840.986723086107
2	11752.78877766633
3	10749.462370343455
4	9840.354762813655
5	9036.62114583241
6	8353.955076980354
7	7818.712202450315
8	7815.923630519582
9	7795.715989361992
10	7751.0337386657
11	7687.5268174913535
12	7624.783486621602
13	8067.393593512516
14	8660.20396524901
15	9378.210245363394
16	10206.437627181203
17	11134.949179730309
18	12160.320471899166
19	13125.301825013628
20	13119.201352161037
21	12147.106165676047
22	11128.78349363663
23	10201.333855762194
24	9376.10531578222
25	8664.172368325533
26	8082.18475918054
27	7653.729303137959
28	7627.678189019825
29	8012.24738807948
30	8539.850944883743
31	9191.661274731146
32	9954.313794547532
33	10820.084314237432
34	11611.90807005435
35	12694.145276030731
36	13550.891247239913
37	13842.337253059373
38	13466.13050517149
39	12560.432444246502
40	11490.756071838097
41	10772.699467505729
42	9904.990209483438
43	9140.221572222135
44	8485.69866589161
45	7954.598141916901
46	7565.8077530828805
47	7655.017446037101
48	7689.687466688065
49	8151.389587278001
50	8763.902317657856
51	9507.445249228222
52	10367.757511252974
53	11303.666046821952
54	12260.17886152442
55	12322.671944188596
56	11427.47924494859
57	10424.745273109369
58	9563.835159119166
59	8819.542365143314
60	8206.055649515207
61	7743.860301278294
62	7789.34038514624
63	7820.673393168419
64	8333.228401084334
65	8996.848197320905
66	9791.01058131098
67	10482.744168368381
68	11511.797734683267
69	12379.885403586448
70	12732.758786981016
71	12441.617844699083
72	11610.923174403413
73	10573.633771275327
74	9826.515034916207
75	9032.513579353033
76	8367.120440926266
77	7850.19408504726
78	7864.299713571227
79	7865.79373640941
80	7853.500789354774
81	8383.614598023749
82	9063.04683315147
83	9865.355043341544
84	10774.10529716158
85	11777.567211614722
86	12866.040494209921
