Gaussian Denoiser Window Size: 2
Predicted sites number: 11
Predicted nucleotides number: 13

Site#1:
1
Site#2:
12
Site#3:
20
Site#4:
28
Site#5:
37
Site#6:
47
Site#7:
55
Site#8:
62
Site#9:
71
Site#10:
78
79
80
Site#11:
86

extremaRank	extremaLoc	extremaNt	extremaNDS_gd
1	47	47	7610.41
2	28	28	7640.7
3	12	12	7656.16
4	62	62	7766.6
5	78	78	7857.25
6	80	80	7859.65
7	79	79	7865.05
8	55	55	12291.43
9	86	86	12321.8
10	71	71	12587.19
11	1	1	12840.99
12	20	20	13122.25
13	37	37	13696.61

Gaussian Denoised Signal:
1	1	12840.99
2	2	12296.89
3	3	11251.13
4	4	10294.91
5	5	9438.49
6	6	8695.29
7	7	8086.33
8	8	7817.32
9	9	7805.82
10	10	7773.37
11	11	7719.28
12	12	7656.16
13	13	7846.09
14	14	8363.8
15	15	9019.21
16	16	9792.32
17	17	10670.69
18	18	11647.63
19	19	12642.81
20	20	13122.25
21	21	12633.15
22	22	11637.94
23	23	10665.06
24	24	9788.72
25	25	9020.14
26	26	8373.18
27	27	7867.96
28	28	7640.7
29	29	7819.96
30	30	8276.05
31	31	8865.76
32	32	9572.99
33	33	10387.2
34	34	11216
35	35	12153.03
36	36	13122.52
37	37	13696.61
38	38	13654.23
39	39	13013.28
40	40	12025.59
41	41	11131.73
42	42	10338.84
43	43	9522.61
44	44	8812.96
45	45	8220.15
46	46	7760.2
47	47	7610.41
48	48	7672.35
49	49	7920.54
50	50	8457.65
51	51	9135.67
52	52	9937.6
53	53	10835.71
54	54	11781.92
55	55	12291.43
56	56	11875.08
57	57	10926.11
58	58	9994.29
59	59	9191.69
60	60	8512.8
61	61	7974.96
62	62	7766.6
63	63	7805.01
64	64	8076.95
65	65	8665.04
66	66	9393.93
67	67	10136.88
68	68	10997.27
69	69	11945.84
70	70	12556.32
71	71	12587.19
72	72	12026.27
73	73	11092.28
74	74	10200.07
75	75	9429.51
76	76	8699.82
77	77	8108.66
78	78	7857.25
79	79	7865.05
80	80	7859.65
81	81	8118.56
82	82	8723.33
83	83	9464.2
84	84	10319.73
85	85	11275.84
86	86	12321.8
====================

