"nt"	"nds"
1	10317.098559180582
2	9482.309222672293
3	8721.44280425311
4	8040.190862428212
5	7444.804609032604
6	6943.971140668458
7	6551.468930483383
8	6558.485943560877
9	6529.819306744813
10	6456.38169228392
11	6381.766461500113
12	6685.040176507605
13	7085.81984419601
14	7569.743106914217
15	8129.653679015789
16	8762.521088693868
17	9468.932636539948
18	10084.274692283856
19	10952.406266451882
20	11660.000957350516
21	11931.354706436421
22	11671.440176533519
23	10971.130807677844
24	10101.811040958393
25	9475.91331001135
26	8769.772673574285
27	8136.967903295576
28	7576.570170330209
29	7091.1317956974735
30	6686.906283817734
31	6378.06256922537
32	6419.094584369312
33	6476.30421237788
34	6530.2979688146015
35	6568.450116523713
36	6584.031404981738
37	6575.886062519518
38	6548.360333117598
39	6511.914572760483
40	6484.126631876889
41	6836.307553326489
42	7285.972896795451
43	7819.449442452663
44	8431.059266278993
45	9120.166690261725
46	9736.494509085329
47	10593.203721243959
48	11283.888126367174
49	11540.829252501071
50	11273.714709380185
51	10575.920718160045
52	9719.722878307573
53	9113.444829844539
54	8424.201517817712
55	7813.12773123454
56	7281.549025279866
57	6836.4101153590045
58	6491.669387958191
59	6557.92370297963
60	6587.646470386861
61	6560.667234219885
62	6950.853841782853
63	7450.290019327744
64	8045.0259831113435
65	8726.039088010795
66	9486.879409525402
67	10321.745336121425
