Gaussian Denoiser Window Size: 2
Predicted sites number: 9
Predicted nucleotides number: 9

Site#1:
1
Site#2:
11
Site#3:
22
Site#4:
32
Site#5:
37
Site#6:
40
Site#7:
49
Site#8:
59
Site#9:
67

extremaRank	extremaLoc	extremaNt	extremaNDS_gd
1	32	32	6398.58
2	11	11	6419.07
3	40	40	6498.02
4	59	59	6524.8
5	37	37	6579.96
6	67	67	9904.31
7	1	1	10317.1
8	49	49	11412.36
9	22	22	11801.4

Gaussian Denoised Signal:
1	1	10317.1
2	2	9899.7
3	3	9101.88
4	4	8380.82
5	5	7742.5
6	6	7194.39
7	7	6747.72
8	8	6554.98
9	9	6544.15
10	10	6493.1
11	11	6419.07
12	12	6533.4
13	13	6885.43
14	14	7327.78
15	15	7849.7
16	16	8446.09
17	17	9115.73
18	18	9776.6
19	19	10518.34
20	20	11306.2
21	21	11795.68
22	22	11801.4
23	23	11321.29
24	24	10536.47
25	25	9788.86
26	26	9122.84
27	27	8453.37
28	28	7856.77
29	29	7333.85
30	30	6889.02
31	31	6532.48
32	32	6398.58
33	33	6447.7
34	34	6503.3
35	35	6549.37
36	36	6576.24
37	37	6579.96
38	38	6562.12
39	39	6530.14
40	40	6498.02
41	41	6660.22
42	42	7061.14
43	43	7552.71
44	44	8125.25
45	45	8775.61
46	46	9428.33
47	47	10164.85
48	48	10938.55
49	49	11412.36
50	50	11407.27
51	51	10924.82
52	52	10147.82
53	53	9416.58
54	54	8768.82
55	55	8118.66
56	56	7547.34
57	57	7058.98
58	58	6664.04
59	59	6524.8
60	60	6572.79
61	61	6574.16
62	62	6755.76
63	63	7200.57
64	64	7747.66
65	65	8385.53
66	66	9106.46
67	67	9904.31
====================

