Gaussian Denoiser Window Size: 2
Predicted sites number: 8
Predicted nucleotides number: 9

Site#1:
1
Site#2:
18
Site#3:
24
25
Site#4:
40
Site#5:
55
Site#6:
61
Site#7:
69
Site#8:
89

extremaRank	extremaLoc	extremaNt	extremaNDS_gd
1	18	18	11934.19
2	69	69	11951.76
3	25	25	12558.7
4	24	24	12566.53
5	55	55	12623.61
6	61	61	14675.6
7	1	1	23070.47
8	40	40	23577.71
9	89	89	23972.55

Gaussian Denoised Signal:
1	1	23070.47
2	2	22460.52
3	3	21274.28
4	4	20159.81
5	5	19391.69
6	6	18740.52
7	7	17787.08
8	8	16748.05
9	9	15928.88
10	10	15266.32
11	11	14604.58
12	12	14016.66
13	13	13497.49
14	14	13045.32
15	15	12660.22
16	16	12343.66
17	17	12099.16
18	18	11934.19
19	19	11936.22
20	20	12095.65
21	21	12284.32
22	22	12442.44
23	23	12537.39
24	24	12566.53
25	25	12558.7
26	26	12749.38
27	27	13192.22
28	28	13725.15
29	29	14342.74
30	30	15037
31	31	15800.55
32	32	16630.04
33	33	17523.97
34	34	18283.19
35	35	18801.41
36	36	19563.29
37	37	20675.06
38	38	21836.22
39	39	22996.15
40	40	23577.71
41	41	23028.7
42	42	21867.98
43	43	20695.88
44	44	19586.41
45	45	18546.97
46	46	17581.17
47	47	16685.34
48	48	15855.25
49	49	15090.92
50	50	14394.08
51	51	13946.5
52	52	13648.25
53	53	13222.96
54	54	12782.02
55	55	12623.61
56	56	12690.78
57	57	12715.41
58	58	12990.95
59	59	13641.54
60	60	14359.09
61	61	14675.6
62	62	14269.06
63	63	13550.73
64	64	12926.95
65	65	12576.25
66	66	12404.06
67	67	12182.35
68	68	11977.77
69	69	11951.76
70	70	12116.11
71	71	12360.06
72	72	12675.94
73	73	13060.08
74	74	13510.84
75	75	14027.95
76	76	14612.74
77	77	15269.92
78	78	15800.15
79	79	16281.57
80	80	16939.95
81	81	17667.58
82	82	18367.5
83	83	18961.07
84	84	19392.23
85	85	19631.57
86	86	20239.47
87	87	21352.94
88	88	22536.31
89	89	23972.55
====================

