"nt"	"nds"
1	23070.472052268287
2	21850.569662633814
3	20697.999453337874
4	19621.613723734747
5	19161.76402175829
6	18319.279143909942
7	17254.89029186386
8	16241.219013185286
9	15616.547827066759
10	14916.087566966373
11	14293.075014891625
12	13740.238568920837
13	13254.737226849627
14	12835.912689939354
15	12484.520517675495
16	12202.805613444832
17	11995.510426772276
18	11872.861153006532
19	11999.583317110146
20	12191.720820483511
21	12376.91084882625
22	12507.977772079954
23	12566.80024818114
24	12566.26704182212
25	12551.133488761838
26	12947.624249668155
27	13436.820043433063
28	14013.487202687775
29	14671.984598437111
30	15402.020667791836
31	16199.076918436043
32	17060.99935396181
33	17986.935117820212
34	18579.44365903646
35	19023.37401780253
36	20103.213703978854
37	21246.908818371583
38	22425.5264657626
39	23566.76434786442
40	23588.65734537235
41	22468.746649267632
42	21267.20760071827
43	20124.54240043844
44	19048.285642161776
45	18045.64719641069
46	17116.687975521076
47	16253.99554863697
48	15456.512501468176
49	14725.324069810817
50	14062.82882925269
51	13830.165994726727
52	13466.32992243372
53	12979.587147838361
54	12584.455927823456
55	12662.76600966223
56	12718.802702539824
57	12712.011125535313
58	13269.89152854325
59	14013.185221081676
60	14704.985936852447
61	14646.221388506068
62	13891.897937059277
63	13209.5579449375
64	12644.338680372173
65	12508.160305354482
66	12299.952050063584
67	12064.748654566007
68	11890.78362463478
69	12012.740379260684
70	12219.484124243081
71	12500.633895104958
72	12851.242366031369
73	13268.9146551136
74	13752.75988281443
75	14303.148082268961
76	14922.327951564892
77	15617.502604914074
78	15982.797802471065
79	16580.334224303522
80	17299.56654715965
81	18035.593288423
82	18699.415452241185
83	19222.71785249019
84	19561.747726884525
85	19701.395737536808
86	20777.541611356177
87	21928.335864209952
88	23144.279622631766
89	24800.821284838235
