"nt"	"nds"
1	10545.995185545644
2	9696.343904675985
3	8915.355470856277
4	8207.298295387141
5	7576.357881714334
6	7027.94267128699
7	6569.972784086293
8	6215.413570471903
9	6247.434706541046
10	6254.3248146771275
11	6215.87877438563
12	6165.372891447566
13	6497.917836174684
14	6931.281324516896
15	7450.479540562529
16	8048.508205809036
17	8724.080364202602
18	9313.893897678452
19	10153.523579469884
20	10842.886595524977
21	11113.574663997713
22	10870.609982505668
23	10197.742487040918
24	9354.121454908482
25	8739.721502786932
26	8064.238926308962
27	7465.71745705345
28	6944.814505384723
29	6507.453347460072
30	6168.370948154167
31	6202.722495750501
32	6247.6103163217285
33	6287.594208678221
34	6312.860797920941
35	6318.465656636549
36	6303.925430875059
37	6273.26872569042
38	6235.550112953691
39	6205.536596550415
40	6559.418605939766
41	7011.98938210673
42	7548.381051705571
43	8161.603947949855
44	8847.674707052378
45	9604.633103805862
46	10446.189989302708
47	11212.683473432797
48	11194.659661438967
49	10408.745699840587
50	9586.507019218185
51	8828.91111394361
52	8142.636298911561
53	7530.041746624044
54	6995.847198132353
55	6548.459885690805
56	6203.027578640494
57	6251.671106512268
58	6259.1161525665775
59	6217.919622213255
60	6570.429156247137
61	7027.1056663629315
62	7574.916659032375
63	8205.635614616895
64	8913.674403014198
65	9694.749849235972
66	10544.539699693838
