Gaussian Denoiser Window Size: 2
Predicted sites number: 9
Predicted nucleotides number: 13

Site#1:
1
Site#2:
9
10
12
Site#3:
22
Site#4:
31
Site#5:
35
Site#6:
39
Site#7:
48
Site#8:
57
58
59
Site#9:
66

extremaRank	extremaLoc	extremaNt	extremaNDS_gd
1	31	31	6185.55
2	12	12	6190.63
3	39	39	6220.54
4	57	57	6227.35
5	9	9	6231.42
6	59	59	6238.52
7	10	10	6250.88
8	58	58	6255.39
9	35	35	6315.66
10	66	66	10119.64
11	1	1	10546
12	22	22	10992.09
13	48	48	11203.67

Gaussian Denoised Signal:
1	1	10546
2	2	10121.17
3	3	9305.85
4	4	8561.33
5	5	7891.83
6	6	7302.15
7	7	6798.96
8	8	6392.69
9	9	6231.42
10	10	6250.88
11	11	6235.1
12	12	6190.63
13	13	6331.65
14	14	6714.6
15	15	7190.88
16	16	7749.49
17	17	8386.29
18	18	9018.99
19	19	9733.71
20	20	10498.21
21	21	10978.23
22	22	10992.09
23	23	10534.18
24	24	9775.93
25	25	9046.92
26	26	8401.98
27	27	7764.98
28	28	7205.27
29	29	6726.13
30	30	6337.91
31	31	6185.55
32	32	6225.17
33	33	6267.6
34	34	6300.23
35	35	6315.66
36	36	6311.2
37	37	6288.6
38	38	6254.41
39	39	6220.54
40	40	6382.48
41	41	6785.7
42	42	7280.19
43	43	7854.99
44	44	8504.64
45	45	9226.15
46	46	10025.41
47	47	10829.44
48	48	11203.67
49	49	10801.7
50	50	9997.63
51	51	9207.71
52	52	8485.77
53	53	7836.34
54	54	7262.94
55	55	6772.15
56	56	6375.74
57	57	6227.35
58	58	6255.39
59	59	6238.52
60	60	6394.17
61	61	6798.77
62	62	7301.01
63	63	7890.28
64	64	8559.66
65	65	9304.21
66	66	10119.64
====================

