Gaussian Denoiser Window Size: 2
Predicted sites number: 7
Predicted nucleotides number: 9

Site#1:
1
Site#2:
21
Site#3:
44
Site#4:
59
61
62
Site#5:
68
Site#6:
78
Site#7:
101

extremaRank	extremaLoc	extremaNt	extremaNDS_gd
1	21	21	14762.85
2	78	78	14789.29
3	59	59	15648.03
4	62	62	15743.27
5	61	61	15748.57
6	68	68	19848.28
7	44	44	29250.36
8	101	101	29549.28
9	1	1	30149.94

Gaussian Denoised Signal:
1	1	30149.94
2	2	29432.58
3	3	28027.55
4	4	26683.54
5	5	25405.03
6	6	24200.99
7	7	23078.31
8	8	22034.63
9	9	21213.2
10	10	20358.9
11	11	19402.16
12	12	18613.71
13	13	17914.25
14	14	17283.66
15	15	16719.18
16	16	16220.22
17	17	15787.29
18	18	15421.66
19	19	15125.68
20	20	14903.49
21	21	14762.85
22	22	14789.7
23	23	14981.57
24	24	15207.22
25	25	15389.84
26	26	15495.55
27	27	15541
28	28	15782.59
29	29	16178.68
30	30	16472.02
31	31	16932.98
32	32	17642.45
33	33	18427.51
34	34	19284.1
35	35	20209.61
36	36	21202.32
37	37	22040.59
38	38	22609.37
39	39	23444.66
40	40	24660.55
41	41	25940.9
42	42	27265.49
43	43	28585.71
44	44	29250.36
45	45	28623.11
46	46	27301.26
47	47	25962.96
48	48	24682.49
49	49	23468.02
50	50	22324.59
51	51	21256.45
52	52	20260.45
53	53	19333.06
54	54	18474.95
55	55	17688.8
56	56	16979.95
57	57	16359.79
58	58	15843.38
59	59	15648.03
60	60	15711.57
61	61	15748.57
62	62	15743.27
63	63	16027.99
64	64	16698.63
65	65	17506.49
66	66	18454.89
67	67	19428.31
68	68	19848.28
69	69	19305.77
70	70	18334.78
71	71	17428.64
72	72	16618.52
73	73	15944.25
74	74	15562.48
75	75	15357.87
76	76	15092.81
77	77	14846.1
78	78	14789.29
79	79	14929.97
80	80	15152.31
81	81	15448.34
82	82	15813.89
83	83	16246.51
84	84	16744.8
85	85	17308.12
86	86	17936.62
87	87	18632.39
88	88	19238.79
89	89	19825.07
90	90	20510.38
91	91	21102.13
92	92	21474.07
93	93	22096.74
94	94	23135.63
95	95	23924.34
96	96	24401.96
97	97	24764.89
98	98	25526.32
99	99	26806
100	100	28147.63
101	101	29549.28
====================

