"nt"	"nds"
1	30149.935667911235
2	28715.215104582137
3	27339.893840762503
4	26027.180132820664
5	24782.886736171553
6	23619.096349349926
7	22537.521397554126
8	21531.730516501822
9	20894.676054748386
10	19823.12998031842
11	18981.189401548727
12	18246.238154015573
13	17582.271160140182
14	16985.058661285544
15	16453.302820893456
16	15987.14655081934
17	15587.437954664792
18	15255.881684726295
19	14995.483218244623
20	14811.498151063133
21	14714.202047538009
22	14865.204796439612
23	15097.940308358831
24	15316.500590031314
25	15463.18360636905
26	15527.922993843917
27	15554.070596847003
28	16011.101838013015
29	16346.261347126356
30	16597.770947468955
31	17268.194754275377
32	18016.701159735803
33	18838.320860694676
34	19729.869552856133
35	20689.344990357215
36	21715.293613645976
37	22365.882738597593
38	22852.8566763216
39	24036.465395089326
40	25284.64449325048
41	26597.150615442464
42	27933.837895790813
43	29237.58245395182
44	29263.14385206736
45	27983.06700572233
46	26619.455279420257
47	25306.46733823087
48	24058.519818736444
49	22877.526343020876
50	21771.656570787367
51	20741.24336335584
52	19779.654102567038
53	18886.475131491006
54	18063.420776693572
55	17314.188889119047
56	16645.709551014043
57	16073.879193393639
58	15612.889540194288
59	15683.168839990682
60	15739.981072091632
61	15757.168096585698
62	15729.37758846506
63	16326.608660152633
64	17070.648633176577
65	17942.32917821345
66	18967.44651805225
67	19889.16947920956
68	19807.390056564658
69	18804.154962510376
70	17865.410608813032
71	16991.872988300456
72	16245.176459233742
73	15643.33012999808
74	15481.628814065934
75	15234.106113225384
76	14951.514380465873
77	14740.687259322502
78	14837.894702971727
79	15022.039011747242
80	15282.57400231256
81	15614.112532967552
82	16013.663668861212
83	16479.36024807017
84	17010.230556292598
85	17606.00198788323
86	18267.247810313285
87	18997.533663820515
88	19480.04356852088
89	20170.089240612993
90	20850.667997035212
91	21353.58751329105
92	21594.55375349941
93	22598.920882027385
94	23672.34054925256
95	24176.33610695479
96	24627.576162870533
97	24902.199601953223
98	26150.442897420424
99	27461.55338483907
100	28833.70051444226
101	30264.8653440858
