"nt"	"nds"
1	1476.4265481537332
2	1307.9323555273525
3	1138.3273543383339
4	1015.6683297583456
5	1004.4453675444597
6	1064.871075279014
7	1190.6016280842293
8	1379.1126932252853
9	1672.5610951001838
10	1828.6123604324412
11	1667.1020844464513
12	1375.658514762317
13	1186.6316339702216
14	1060.2074196371798
15	998.8237220188902
16	1008.6531423783108
17	1117.8311721158511
18	1275.1465644455768
19	1433.2501623140713
20	1565.501564853554
21	1656.0962147719865
22	1696.1760077323192
23	1682.392355504635
