Gaussian Denoiser Window Size: 2
Predicted sites number: 5
Predicted nucleotides number: 5

Site#1:
1
Site#2:
7
Site#3:
16
Site#4:
24
Site#5:
29

extremaRank	extremaLoc	extremaNt	extremaNDS_gd
1	7	7	1553.96
2	24	24	1559.63
3	29	29	2511.2
4	16	16	2529.14
5	1	1	2692.9

Gaussian Denoised Signal:
1	1	2692.9
2	2	2511.52
3	3	2178.62
4	4	1906.98
5	5	1700.12
6	6	1563.95
7	7	1553.96
8	8	1647.01
9	9	1751.61
10	10	1842.14
11	11	1905.69
12	12	1937.48
13	13	1943.32
14	14	2096.62
15	15	2392.04
16	16	2529.14
17	17	2382.79
18	18	2087.51
19	19	1931.11
20	20	1909.54
21	21	1856.73
22	22	1769.81
23	23	1661.09
24	24	1559.63
25	25	1564.74
26	26	1700.39
27	27	1906.93
28	28	2178.39
29	29	2511.2
====================

