Gaussian Denoiser Window Size: 2
Predicted sites number: 11
Predicted nucleotides number: 11

Site#1:
1
Site#2:
15
Site#3:
27
Site#4:
40
Site#5:
52
Site#6:
61
Site#7:
70
Site#8:
77
Site#9:
81
Site#10:
86
Site#11:
94

extremaRank	extremaLoc	extremaNt	extremaNDS_gd
1	40	40	10400.04
2	15	15	10420.22
3	61	61	10626.27
4	86	86	10832.33
5	77	77	10853.07
6	81	81	10923.51
7	70	70	16295.53
8	1	1	17383.05
9	52	52	17604.43
10	94	94	18251.78
11	27	27	19414.29

Gaussian Denoised Signal:
1	1	17383.05
2	2	16780.82
3	3	15614.1
4	4	14525.2
5	5	13519.54
6	6	12604.6
7	7	11791.94
8	8	11101.7
9	9	10784.03
10	10	10766.92
11	11	10734.08
12	12	10676.85
13	13	10596.73
14	14	10504.43
15	15	10420.22
16	16	10602.63
17	17	11100.99
18	18	11714.71
19	19	12436.58
20	20	13334.94
21	21	14258.48
22	22	15187.43
23	23	16260.4
24	24	17348.26
25	25	18507.69
26	26	19405.97
27	27	19414.29
28	28	18526.69
29	29	17363.45
30	30	16269.2
31	31	15195.12
32	32	14438.28
33	33	13818.21
34	34	13119.18
35	35	12413.67
36	36	11880.64
37	37	11537.27
38	38	11065.13
39	39	10575.19
40	40	10400.04
41	41	10473.68
42	42	10517.88
43	43	10782.06
44	44	11353.59
45	45	12046.85
46	46	12675.03
47	47	13122.35
48	48	13804.95
49	49	14826.1
50	50	15919.32
51	51	17032.48
52	52	17604.43
53	53	17088.97
54	54	15973.81
55	55	14860.44
56	56	13840.62
57	57	12919.14
58	58	12106.44
59	59	11407.94
60	60	10832.41
61	61	10626.27
62	62	10715.64
63	63	10778.86
64	64	11116.88
65	65	11820.17
66	66	12657.63
67	67	13609.87
68	68	14642.05
69	69	15715.18
70	70	16295.53
71	71	15825.39
72	72	14750.45
73	73	13678.45
74	74	12723.38
75	75	11878.85
76	76	11163.33
77	77	10853.07
78	78	10877.87
79	79	10900.63
80	80	10916.74
81	81	10923.51
82	82	10919.85
83	83	10906.23
84	84	10884.54
85	85	10858.16
86	86	10832.33
87	87	11135.63
88	88	11832.9
89	89	12650.17
90	90	13567.46
91	91	14573.9
92	92	15662.3
93	93	16827.04
94	94	18251.78
====================

