"nt"	"nds"
1	17383.046560078325
2	16178.599522841694
3	15049.609377010307
4	14000.793598387614
5	13038.287002602403
6	12170.906382497125
7	11412.96862433516
8	10790.425977928073
9	10777.642275947153
10	10756.205578504083
11	10711.961132376886
12	10641.747973882679
13	10551.707676039283
14	10457.147591430812
15	10383.284139192909
16	10821.978784013481
17	11379.997160621213
18	12049.416577484872
19	12823.751373722107
20	13846.132806573609
21	14670.831039217162
22	15704.030794442822
23	16816.774587066444
24	17879.738827160363
25	19135.649439814493
26	19676.287360211933
27	19152.285824698156
28	17901.104127247232
29	16825.80355058166
30	15712.602568719782
31	14677.638594859183
32	14198.926391320725
33	13437.502423659145
34	12800.860421886695
35	12026.477887812674
36	11734.797318698176
37	11339.746053511288
38	10790.51567677807
39	10359.86083791866
40	10440.214422315194
41	10507.146168733376
42	10528.622630718124
43	11035.498854985615
44	11671.690143778686
45	12422.019035527215
46	12928.038727462266
47	13316.664707527183
48	14293.231378362394
49	15358.978499255463
50	16479.667665362147
51	17585.284273484525
52	17623.57231721225
53	16554.360678532612
54	15393.25334743788
55	14327.62595540023
56	13353.619740718299
57	12484.652092048693
58	11728.23143575105
59	11087.651676167765
60	10577.17602837092
61	10675.357954896392
62	10755.915921187285
63	10801.801292211183
64	11431.959833762276
65	12208.378143609876
66	13106.878146748266
67	14112.871554726193
68	15171.235317906845
69	16259.1328435017
70	16331.927714781355
71	15318.852743326275
72	14182.043314412216
73	13174.850385257223
74	12271.918107105219
75	11485.789155856673
76	10840.87050353669
77	10865.26972716487
78	10890.474952638357
79	10910.78477737624
80	10922.69392287843
81	10924.323503922416
82	10915.37619060776
83	10897.07848383518
84	10871.993098771805
85	10844.335325088634
86	10820.323169386109
87	11450.943125658645
88	12214.853238339676
89	13085.4940925774
90	14049.43396200295
91	15098.358904752691
92	16226.248016567257
93	17427.82416639456
94	19075.742918405303
