"nt"	"nds"
1	18479.9716648181
2	17267.729372049962
3	16130.569903825424
4	15073.42139975656
5	14101.926863360759
6	13223.98980942459
7	12451.3041851102
8	11803.289819627054
9	11430.431100714259
10	10885.821196323222
11	10468.194924828938
12	10305.266299174655
13	10242.073610327967
14	10497.793946348784
15	10624.64621466625
16	10988.59688598636
17	11475.6269634834
18	12078.625795939417
19	12850.353563737774
20	13967.46603447296
21	14726.31384282461
22	15726.87528642836
23	16816.76748258046
24	17763.576140142748
25	19038.756306631465
26	19711.09043533595
27	19333.95847002829
28	18137.378541014605
29	16976.484555806746
30	15887.559740833924
31	14884.968775657055
32	14789.254966267936
33	14520.90617319283
34	14096.829920991568
35	13564.820526700858
36	12999.215469742814
37	12492.686122783418
38	12142.790619481362
39	11550.676978160342
40	11073.71096194269
41	10722.407061586184
42	10753.332720790559
43	11170.3724458083
44	11734.768244959712
45	12427.022690567816
46	12924.493095706533
47	13271.272089523181
48	14205.820734693847
49	15235.804941967548
50	16383.178503764882
51	17411.601233594967
52	17344.666535100616
53	16250.261305592725
54	15174.284130884367
55	14144.797429976323
56	13213.03091978161
57	12391.924376035686
58	11690.210412933406
59	11113.98356361514
60	10678.770357742174
61	10604.24287984734
62	10422.449631537189
63	10252.307119955465
64	10317.677479372289
65	10480.305421178404
66	10779.676397493375
67	11201.140577415143
68	11583.77025599053
69	11838.80180971506
70	12526.37774867168
71	13347.210635367514
72	14280.230031834155
73	15313.88746540257
74	16368.07627133884
75	17497.411183540735
76	17618.05647525335
77	16610.29679679569
78	15428.2421871534
79	14397.493127793421
80	13468.367674093626
81	12652.588446782902
82	11972.987803354468
83	11989.628666276161
84	11991.515784587282
85	11978.172472994593
86	11951.265265347263
87	12598.269663972158
88	13370.648229860744
89	14247.482613588436
90	15217.421621337993
91	16272.449096583136
92	17406.664726269064
93	18614.329364971618
94	20282.219019677163
