"nt"	"nds"
1	163918.2416504717
2	161980.1954939424
3	160500.8240821482
4	159545.69051400988
5	159142.62271149197
6	156678.49947804358
7	154376.47591286778
8	151769.5783784282
9	149464.87765186242
10	147641.6469238506
11	145927.73582405876
12	144315.45319339525
13	142804.65695945168
14	142392.13359372778
15	141240.62347759822
16	139648.82705427514
17	138382.94663114642
18	137282.91635991534
19	136281.61367319606
20	135375.9834875512
21	134567.0254661733
22	133857.89746088523
23	133253.6127381267
24	132761.30632041412
25	132391.05375166077
26	132157.73548392122
27	132086.56629831193
28	132374.2759385016
29	132830.61492457503
30	133415.5189263896
31	134078.18367176282
32	135366.000452282
33	136982.771490104
34	138918.14058689986
35	140884.6096475696
36	143360.88446658108
37	143762.0864861426
38	141641.68052431726
39	139250.03054435004
40	138449.66130530142
41	137293.26902349645
42	135681.1483025118
43	134404.871989248
44	134563.8815663979
45	135367.87706666635
46	136766.90179930197
47	138500.54379831743
48	140550.63990767754
49	142898.87097202748
50	145525.3768733116
51	146407.50945654933
52	147963.32015827633
53	149821.71497907166
54	151560.9011819172
55	152809.58882499582
56	156277.61511230166
57	159546.81724000798
58	163335.14768696803
59	163804.09743439994
60	160485.8418243376
61	156725.28425797855
62	153278.08084305516
63	150220.11823325622
64	146106.9567007354
65	143491.122076862
66	141158.70870644835
67	139128.12120011364
68	137413.5034781528
69	136022.0577941067
70	135604.4989433963
71	135221.0998507707
72	136648.16142641063
73	138404.29356624887
74	139751.3519184608
75	142015.71501457953
76	144250.93004780475
77	145581.6469850561
78	148390.52361176925
79	151425.45250419504
80	154937.39884880654
81	159962.13497570614
82	163039.69289671225
83	166878.15850275932
84	170871.6888516782
85	175004.34313080154
86	177450.35887324432
87	179311.19965173016
88	183720.56094097588
89	188244.96011408878
90	192879.06874171426
91	197619.8316998851
92	202464.4092820723
93	207207.7896618443
94	211863.91791392662
95	211784.27045495095
96	207054.24380964157
97	202395.88764335384
98	197555.02183158064
99	192819.5197699933
100	188191.6315336167
101	183676.15481037548
102	179280.21733842618
103	175016.08691152112
104	170889.83664577288
105	166904.19198471616
106	163072.52569331496
107	162322.36268099223
108	161064.3017482181
109	159407.565761751
110	157509.91432546324
111	155561.12055046036
112	153765.73148668965
113	152321.82672943117
114	151402.5369728661
115	148406.98172641022
116	145632.97746514497
117	144427.82025242812
118	142318.76705269076
119	140072.3253699657
120	138545.87295383602
121	136811.75356212218
122	135390.60060665052
123	135404.76115080292
124	135296.81760627925
125	135079.98933374567
126	134794.89931628385
127	135818.4781432476
128	137035.97727468063
129	138424.97519195077
130	139972.4307060673
131	141673.52529008494
132	143543.46166506608
133	145578.35894758982
134	147751.65922320297
135	150057.81861159301
136	152506.9465740585
137	152160.98228393352
138	154727.1789617257
139	156871.86902563242
140	160248.47437319066
141	162178.68339084915
142	161261.30924518756
143	158252.7778046971
144	155352.13943390807
145	155217.06018659758
146	157668.17532994493
147	155201.21355299125
148	155323.09965622076
149	158059.46448349717
150	160933.60271200066
151	163923.87642663933
152	167019.48722510302
153	170217.3476263368
154	171907.6328027245
155	174213.012448436
156	176653.2963325166
157	178774.921449455
158	180234.0017964782
159	180843.69371067575
160	184431.5546785083
161	188112.31618838196
162	191605.30075285572
163	195472.6856042111
164	197466.84105140236
165	201438.71336378032
166	205494.64408978858
167	209633.92825668477
168	213858.22693087853
169	218172.48136219184
170	222585.4505128494
171	227103.30639358817
172	231757.67744163654
173	236539.56426933434
174	241426.45815476152
175	246415.0181453423
176	250990.63022340724
177	256876.5641124245
178	260453.97776493055
179	265755.31231983245
180	271136.9065087242
181	276597.3763044056
182	280279.5117966426
183	285918.7014920793
184	291291.00804338785
185	294423.48961318197
186	294222.2189408572
187	290762.95950928173
188	285261.46831674024
189	279744.1651531295
190	276395.6197306939
191	270931.7466171746
192	265544.79379458225
193	260235.91252001483
194	257557.65498731448
195	253306.58616001
196	248938.598390054
197	246133.80030013333
198	241136.17968782363
199	236241.95361812887
200	231468.2913026852
201	235520.48093114066
202	238178.3392973264
203	238914.41202296212
204	237561.03283716718
205	234367.1202738284
206	229986.10357786802
207	225367.46491233137
208	221574.2797905095
209	219536.9172766927
210	219792.33753174273
211	222296.29161573714
212	226405.78357590028
213	221878.62536811904
214	217471.32629130248
215	213165.14059892786
216	208947.5970890479
217	204813.12667637013
218	200759.66638551926
219	196789.38942861895
220	193832.65418549758
221	189948.0580429148
222	187438.0949642644
223	183760.82857288886
224	180180.12802424972
225	176866.43778983402
226	172374.36159169566
227	169640.76262620985
228	166441.92724301002
229	163351.22250377835
230	160370.5818463382
231	157509.32327225944
232	154781.39777006683
233	152186.77059452434
234	149730.0157747691
235	147411.88347956183
236	145226.70413775448
237	143173.3154985628
238	142800.66152901726
239	142303.66654578762
240	141755.44297261184
241	141260.20444379086
242	139572.2859462632
243	138030.80055104708
244	136645.6888540866
245	135431.49606006898
246	134408.87937199464
247	133807.459572988
248	133090.87821634792
249	132364.79948495975
250	131971.4483923371
251	132028.06884048553
252	132245.73023717565
253	132603.16891452897
254	133085.58662331908
255	133682.5996257637
256	134386.6836706722
257	135192.49592584162
258	136096.42177763936
259	137096.9645657106
260	138196.57354517328
261	138874.39245991874
262	140013.43618202745
263	141196.07922252195
264	142112.4297877139
265	142640.62038389005
266	144158.19872592628
267	145776.61489239486
268	147495.865076687
269	149322.61965402175
270	151125.57203185832
271	152668.75704000847
272	153115.59769320843
273	155216.2380181642
274	157546.97024061863
275	159968.99220311933
276	162628.27829451716
277	165516.2017593314
278	167847.51818758209
279	171497.99792873548
280	172687.302137363
281	170249.84260795286
282	166662.22484032056
283	163815.40950230963
284	161205.0136297092
285	158839.50769146788
286	158456.94266289356
287	156569.7171925485
288	154134.04323248327
289	152680.7789454163
290	153713.50813497184
291	154188.09889105192
292	156501.3629690613
293	158981.1892252872
294	160317.7105777551
295	164647.77636632824
296	170755.75121828914
297	176771.70355187735
298	180151.79874497157
299	183761.85362129982
300	184568.19178646812
301	186684.79698609575
302	189754.56149720534
303	193283.07346743016
304	196732.51003859696
305	199610.38011534308
306	201538.35537922895
307	206119.447712697
308	210854.03018167318
309	215727.0572793992
310	220728.5776079704
311	225142.09313791143
312	230431.9125023094
313	231297.41798884454
314	226841.53270425624
315	221513.88557900017
316	216510.29215981305
317	211637.57113570737
318	206906.977803465
319	202334.43993591957
320	201030.8233503522
321	197560.89562662228
322	192813.75112029666
323	188073.54566081733
324	184700.54280866034
325	181121.75812729672
326	177794.83383374158
327	177991.576072177
328	181483.47756514797
329	182076.67877017742
330	178621.6589274288
331	179054.954359527
332	182615.5185120555
333	186405.27952961516
334	190402.90168171495
335	194600.65295860937
336	198256.8960752393
337	203473.39778256198
338	206975.0456658692
339	211830.91097323818
340	216843.84547313573
341	222001.03640586813
342	226951.09937683435
343	232064.85988974202
344	232214.1712808753
345	227254.6270071078
346	222147.39128533294
347	216997.2009494255
348	211992.2338821464
349	207144.86206986447
350	205016.31635860604
351	201377.99662010444
352	197479.53900315968
353	194771.761131586
354	190591.52690580208
355	186611.4554653766
356	182839.28039553878
357	179287.1914288932
358	179104.83372778786
359	178996.89329620515
360	182508.9129434292
361	186228.4837296787
362	190140.9226512762
363	194235.3337514073
364	198500.98071161227
365	202928.6990123617
366	207508.0789394799
367	212230.68800701175
368	217090.6504075498
369	222095.89170844748
370	227239.9993859137
371	232499.74173674735
372	237855.1070046893
373	242706.75375509143
374	242208.9255096613
375	236892.08832818287
376	232062.46238178882
377	226811.1387238378
378	221669.95680305813
379	220313.8344201691
380	218449.91338517246
381	216599.82642264504
382	211759.65573201573
383	207050.19494501685
384	202478.7546990954
385	198054.4059873513
386	193786.26822468484
387	189682.5096584839
388	185752.2346143351
389	182003.79593586948
390	178447.33153481229
391	176317.51805197532
392	173913.70688992905
393	171341.08767827493
394	168728.91153685984
