Gaussian Denoiser Window Size: 2
Predicted sites number: 20
Predicted nucleotides number: 26

Site#1:
27
Site#2:
37
Site#3:
44
Site#4:
59
Site#5:
71
Site#6:
95
Site#7:
126
Site#8:
142
Site#9:
145
146
148
Site#10:
186
Site#11:
201
203
Site#12:
210
212
Site#13:
251
Site#14:
280
Site#15:
290
Site#16:
313
Site#17:
327
329
331
Site#18:
344
Site#19:
359
Site#20:
374

extremaRank	extremaLoc	extremaNt	extremaNDS_gd
1	251	251	131999.76
2	27	27	132122.15
3	44	44	134484.38
4	126	126	134937.44
5	71	71	135412.8
6	37	37	143561.49
7	290	290	153197.14
8	148	148	155262.16
9	145	145	155284.6
10	146	146	156442.62
11	142	142	161720
12	59	59	163569.62
13	280	280	172092.65
14	327	327	177893.2
15	331	331	178838.31
16	359	359	179050.86
17	329	329	181780.08
18	95	95	211824.09
19	210	210	219664.63
20	212	212	224351.04
21	313	313	230864.67
22	344	344	232139.52
23	201	201	233494.39
24	203	203	238546.38
25	374	374	242457.84
26	186	186	294322.85

Gaussian Denoised Signal:
1	1	163918.24
2	2	162949.22
3	3	161240.51
4	4	160023.26
5	5	159344.16
6	6	157910.56
7	7	155527.49
8	8	153073.03
9	9	150617.23
10	10	148553.26
11	11	146784.69
12	12	145121.59
13	13	143560.06
14	14	142598.4
15	15	141816.38
16	16	140444.73
17	17	139015.89
18	18	137832.93
19	19	136782.27
20	20	135828.8
21	21	134971.5
22	22	134212.46
23	23	133555.76
24	24	133007.46
25	25	132576.18
26	26	132274.39
27	27	132122.15
28	28	132230.42
29	29	132602.45
30	30	133123.07
31	31	133746.85
32	32	134722.09
33	33	136174.39
34	34	137950.46
35	35	139901.38
36	36	142122.75
37	37	143561.49
38	38	142701.88
39	39	140445.86
40	40	138849.85
41	41	137871.47
42	42	136487.21
43	43	135043.01
44	44	134484.38
45	45	134965.88
46	46	136067.39
47	47	137633.72
48	48	139525.59
49	49	141724.76
50	50	144212.12
51	51	145966.44
52	52	147185.41
53	53	148892.52
54	54	150691.31
55	55	152185.25
56	56	154543.6
57	57	157912.22
58	58	161440.98
59	59	163569.62
60	60	162144.97
61	61	158605.56
62	62	155001.68
63	63	151749.1
64	64	148163.54
65	65	144799.04
66	66	142324.92
67	67	140143.41
68	68	138270.81
69	69	136717.78
70	70	135813.28
71	71	135412.8
72	72	135934.63
73	73	137526.23
74	74	139077.82
75	75	140883.53
76	76	143133.32
77	77	144916.29
78	78	146986.09
79	79	149907.99
80	80	153181.43
81	81	157449.77
82	82	161500.91
83	83	164958.93
84	84	168874.92
85	85	172938.02
86	86	176227.35
87	87	178380.78
88	88	181515.88
89	89	185982.76
90	90	190562.01
91	91	195249.45
92	92	200042.12
93	93	204836.1
94	94	209535.85
95	95	211824.09
96	96	209419.26
97	97	204725.07
98	98	199975.45
99	99	195187.27
100	100	190505.58
101	101	185933.89
102	102	181478.19
103	103	177148.15
104	104	172952.96
105	105	168897.01
106	106	164988.36
107	107	162697.44
108	108	161693.33
109	109	160235.93
110	110	158458.74
111	111	156535.52
112	112	154663.43
113	113	153043.78
114	114	151862.18
115	115	149904.76
116	116	147019.98
117	117	145030.4
118	118	143373.29
119	119	141195.55
120	120	139309.1
121	121	137678.81
122	122	136101.18
123	123	135397.68
124	124	135350.79
125	125	135188.4
126	126	134937.44
127	127	135306.69
128	128	136427.23
129	129	137730.48
130	130	139198.7
131	131	140822.98
132	132	142608.49
133	133	144560.91
134	134	146665.01
135	135	148904.74
136	136	151282.38
137	137	152333.96
138	138	153444.08
139	139	155799.52
140	140	158560.17
141	141	161213.58
142	142	161720
143	143	159757.04
144	144	156802.46
145	145	155284.6
146	146	156442.62
147	147	156434.69
148	148	155262.16
149	149	156691.28
150	150	159496.53
151	151	162428.74
152	152	165471.68
153	153	168618.42
154	154	171062.49
155	155	173060.32
156	156	175433.15
157	157	177714.11
158	158	179504.46
159	159	180538.85
160	160	182637.62
161	161	186271.94
162	162	189858.81
163	163	193538.99
164	164	196469.76
165	165	199452.78
166	166	203466.68
167	167	207564.29
168	168	211746.08
169	169	216015.35
170	170	220378.97
171	171	224844.38
172	172	229430.49
173	173	234148.62
174	174	238983.01
175	175	243920.74
176	176	248702.82
177	177	253933.6
178	178	258665.27
179	179	263104.65
180	180	268446.11
181	181	273867.14
182	182	278438.44
183	183	283099.11
184	184	288604.85
185	185	292857.25
186	186	294322.85
187	187	292492.59
188	188	288012.21
189	189	282502.82
190	190	278069.89
191	191	273663.68
192	192	268238.27
193	193	262890.35
194	194	258896.78
195	195	255432.12
196	196	251122.59
197	197	247536.2
198	198	243634.99
199	199	238689.07
200	200	233855.12
201	201	233494.39
202	202	236849.41
203	203	238546.38
204	204	238237.72
205	205	235964.08
206	206	232176.61
207	207	227676.78
208	208	223470.87
209	209	220555.6
210	210	219664.63
211	211	221044.31
212	212	224351.04
213	213	224142.2
214	214	219674.98
215	215	215318.23
216	216	211056.37
217	217	206880.36
218	218	202786.4
219	219	198774.53
220	220	195311.02
221	221	191890.36
222	222	188693.08
223	223	185599.46
224	224	181970.48
225	225	178523.28
226	226	174620.4
227	227	171007.56
228	228	168041.34
229	229	164896.57
230	230	161860.9
231	231	158939.95
232	232	156145.36
233	233	153484.08
234	234	150958.39
235	235	148570.95
236	236	146319.29
237	237	144200.01
238	238	142986.99
239	239	142552.16
240	240	142029.55
241	241	141507.82
242	242	140416.25
243	243	138801.54
244	244	137338.24
245	245	136038.59
246	246	134920.19
247	247	134108.17
248	248	133449.17
249	249	132727.84
250	250	132168.12
251	251	131999.76
252	252	132136.9
253	253	132424.45
254	254	132844.38
255	255	133384.09
256	256	134034.64
257	257	134789.59
258	258	135644.46
259	259	136596.69
260	260	137646.77
261	261	138535.48
262	262	139443.91
263	263	140604.76
264	264	141654.25
265	265	142376.53
266	266	143399.41
267	267	144967.41
268	268	146636.24
269	269	148409.24
270	270	150224.1
271	271	151897.16
272	272	152892.18
273	273	154165.92
274	274	156381.6
275	275	158757.98
276	276	161298.64
277	277	164072.24
278	278	166681.86
279	279	169672.76
280	280	172092.65
281	281	171468.57
282	282	168456.03
283	283	165238.82
284	284	162510.21
285	285	160022.26
286	286	158648.23
287	287	157513.33
288	288	155351.88
289	289	153407.41
290	290	153197.14
291	291	153950.8
292	292	155344.73
293	293	157741.28
294	294	159649.45
295	295	162482.74
296	296	167701.76
297	297	173763.73
298	298	178461.75
299	299	181956.83
300	300	184165.02
301	301	185626.49
302	302	188219.68
303	303	191518.82
304	304	195007.79
305	305	198171.45
306	306	200574.37
307	307	203828.9
308	308	208486.74
309	309	213290.54
310	310	218227.82
311	311	222935.34
312	312	227787
313	313	230864.67
314	314	229069.48
315	315	224177.71
316	316	219012.09
317	317	214073.93
318	318	209272.27
319	319	204620.71
320	320	201682.63
321	321	199295.86
322	322	195187.32
323	323	190443.65
324	324	186387.04
325	325	182911.15
326	326	179458.3
327	327	177893.2
328	328	179737.53
329	329	181780.08
330	330	180349.17
331	331	178838.31
332	332	180835.24
333	333	184510.4
334	334	188404.09
335	335	192501.78
336	336	196428.77
337	337	200865.15
338	338	205224.22
339	339	209402.98
340	340	214337.38
341	341	219422.44
342	342	224476.07
343	343	229507.98
344	344	232139.52
345	345	229734.4
346	346	224701.01
347	347	219572.3
348	348	214494.72
349	349	209568.55
350	350	206080.59
351	351	203197.16
352	352	199428.77
353	353	196125.65
354	354	192681.64
355	355	188601.49
356	356	184725.37
357	357	181063.24
358	358	179196.01
359	359	179050.86
360	360	180752.9
361	361	184368.7
362	362	188184.7
363	363	192188.13
364	364	196368.16
365	365	200714.84
366	366	205218.39
367	367	209869.38
368	368	214660.67
369	369	219593.27
370	370	224667.95
371	371	229869.87
372	372	235177.42
373	373	240280.93
374	374	242457.84
375	375	239550.51
376	376	234477.28
377	377	229436.8
378	378	224240.55
379	379	220991.9
380	380	219381.87
381	381	217524.87
382	382	214179.74
383	383	209404.93
384	384	204764.47
385	385	200266.58
386	386	195920.34
387	387	191734.39
388	388	187717.37
389	389	183878.02
390	390	180225.56
391	391	177382.42
392	392	175115.61
393	393	172627.4
394	394	170035
====================

