"nt"	"nds"
1	135154.03873345922
2	136610.9331482284
3	138293.21437765818
4	140216.27472048966
5	138005.00575332262
6	135963.82359209628
7	134074.17502719458
8	132321.89285646638
9	131448.1260886526
10	129974.04686592949
11	128309.88301317203
12	127225.11241205929
13	125955.95535516906
14	124795.89609575285
15	123740.41576192733
16	122789.38093203751
17	121944.99134242622
18	121211.63721404731
19	120595.92676765459
20	120107.54368078455
21	119761.03035011307
22	119581.32572724504
23	119750.35129726902
24	120070.27266716707
25	120510.54420902222
26	121031.26231041415
27	122174.62486468974
28	123653.18596152247
29	125457.30287317876
30	127336.7234411652
31	129675.24892895522
32	130028.19201237301
33	127990.98764444515
34	125737.44653529313
35	124980.95686136905
36	123907.57364190447
37	122427.6502566251
38	121289.01193848668
39	121424.47074203707
40	122158.08482281538
41	123418.28909802421
42	125019.47310823931
43	126943.41097170231
44	129171.35260577401
45	131683.58104789004
46	132533.01373944097
47	134034.29206898928
48	135830.47890778308
49	137513.10902609327
50	138720.93284573578
51	142093.9077711564
52	145290.26605857894
53	148987.41719703426
54	149434.5389309199
55	146189.1247764255
56	142524.129092374
57	139172.76295340832
58	136216.32406917433
59	132246.8771276975
60	129744.46005111058
61	127530.88835355338
62	125624.20445121697
63	124039.06987984397
64	122782.84635097356
65	122416.77874416592
66	122084.03479937681
67	123383.56212161072
68	125016.55519198283
69	126246.9119516598
70	128385.36153463836
71	130531.29048733697
72	131836.24631241764
73	134536.15321528545
74	137464.67046434834
75	140834.1978867202
76	145714.77681334625
77	148734.10994414365
78	152473.1611317101
79	156369.28677592977
80	160405.57652343626
81	162793.29450180658
82	164617.9119910697
83	168934.0401814558
84	173366.6996980902
85	177910.48900528727
86	182561.38374184753
87	187317.30388050995
88	191972.9800722159
89	196551.5997022228
90	196482.0741697179
91	191843.6476899266
92	187261.73977021128
93	182511.42365184447
94	177867.14041912908
95	173332.12333169286
96	168910.3874099387
97	164609.48464320236
98	160441.72641061968
99	156413.66115905222
100	152528.08446938594
101	148797.972208014
102	148088.27180561132
103	146883.76653866124
104	145288.4054333717
105	143453.4614290656
106	141561.95810368945
107	139811.35665135074
108	138394.7471245356
109	137482.05387730285
110	134595.2047510151
111	131932.73203522837
112	130829.58327690791
113	128847.50474520269
114	126703.67082375019
115	125210.75477975755
116	123602.2356648756
117	122311.16686113078
118	122400.36235939215
119	122383.60093357874
120	122270.2738082963
121	122097.94211257235
122	123138.78267566749
123	124369.24436367955
124	125767.44315120339
125	127320.17358943529
126	129023.12926848745
127	130889.97173370252
128	132916.71674187513
129	135078.92822220403
130	137371.49370109223
131	139804.2942487504
132	139278.24855477898
133	141586.58101664617
134	143551.5073994427
135	146841.03905504144
136	148837.79990629482
137	148091.4150822715
138	145232.36068077481
139	142340.40805248442
140	142279.3699591412
141	144749.95055718257
142	142413.28755750766
143	142610.8865956455
144	145338.45153360922
145	148201.41870024052
146	151178.0727233337
147	154257.4522610605
148	157436.94785759452
149	159031.39911713335
150	161266.93176853628
151	163674.42415546012
152	165804.05061642936
153	167310.74634705484
154	167999.30414459106
155	171563.92967333607
156	175219.66681092425
157	178588.62188896546
158	182430.27502541937
159	184506.32554964582
160	188447.21332916
161	192471.14308866838
162	196576.67680838247
163	200765.8674959141
164	205043.89845139324
165	209418.91994695613
166	213897.59710301404
167	218506.04280585647
168	223234.67363196122
169	228067.9310238238
170	233001.67139671667
171	237420.03338042132
172	243243.12742988495
173	246884.8273567221
174	252127.20443377944
175	257449.16083346138
176	262848.81473211065
177	266387.71371921466
178	271926.71770014585
179	277277.7240565632
180	280475.53843882075
181	280402.8912328725
182	277087.14021924103
183	271689.8248077217
184	266193.6883505425
185	262775.26435140375
186	257373.12986992978
187	252047.54971988787
188	246798.60342534442
189	244242.20931475615
190	240077.05375540382
191	235724.33580786028
192	232855.68415175867
193	227914.3391854765
194	223075.4461139348
195	218356.0718526105
196	222431.80491960456
197	225176.45315213155
198	226044.94563960272
199	224841.62786424698
200	221782.15051163634
201	217486.87111492292
202	212884.32871378039
203	209032.34352287147
204	206875.58761817237
205	206980.84477932853
206	209338.96635420131
207	213338.8588890897
208	208851.59361654913
209	204483.10010162718
210	200214.40509256988
211	196032.8744446009
212	191932.8061833647
213	187912.39084711004
214	183973.6518547686
215	181142.66576580986
216	177289.6852782961
217	174692.24769691483
218	171040.70795724887
219	167483.53698092425
220	164337.7834766764
221	159877.49015457713
222	157010.84493042788
223	153830.70305288656
224	150756.4007386075
225	147790.06792705457
226	144940.19838694663
227	142221.1196389839
228	139639.3473633266
229	137199.61064578462
230	134895.96101364106
231	132722.25519962565
232	130677.37282568874
233	130329.18011868729
234	129844.05339940448
235	129289.80896142985
236	128767.22307594397
237	127077.30552118199
238	125530.30809223723
239	124136.02616399
240	122908.59953684239
241	121868.47506235269
242	121490.41613367412
243	120911.3016436903
244	120178.40191076897
245	119627.80080556429
246	119799.98232291258
247	120138.35480394475
248	120621.98499410375
249	121236.52669302086
250	121972.02887895072
251	122821.63136194587
252	123780.82267019691
253	124846.8327441001
254	126019.59172241444
255	127303.1941890457
256	128243.60404567793
257	129656.31709861693
258	131060.97169258846
259	132063.6740676153
260	132489.83520678768
261	134273.67085739484
262	136193.5343198745
263	138257.9847807078
264	140478.18866060558
265	142867.5507065908
266	145098.34502003947
267	146029.11798372367
268	148862.30431105246
269	151800.79292176533
270	155001.74441581388
271	158438.33246492207
272	162089.65392776116
273	164932.90749286918
274	169424.75824172897
275	171016.2456226508
276	168066.74111305038
277	163540.62452936603
278	159888.3460390749
279	156454.33277220445
280	153260.4068747555
281	152433.05181218576
282	149706.62368070186
283	146628.26990620536
284	144470.15577626677
285	145095.67559659938
286	147573.7644900963
287	150373.77340128028
288	153689.53153518547
289	151748.041873082
290	148991.13339557467
291	146574.32870223635
292	147423.25142588318
293	150184.76577708003
294	153275.5622890925
295	153727.3740112137
296	155479.7234676288
297	158229.36226231462
298	161505.4602408329
299	164794.42170787544
300	167615.14324752352
301	169591.93721952394
302	173939.84526405483
303	178465.67752973767
304	183149.35671096607
305	187976.72706192447
306	192186.23120222002
307	197379.2496580315
308	198351.03209930536
309	194119.63114925125
310	188883.7490494295
311	184069.55639415182
312	179402.60979617795
313	174898.48926048182
314	170578.08592658106
315	169645.9128689789
316	166642.75551075727
317	162340.15920150845
318	157878.35118672805
319	154488.9378445474
320	151436.71011184817
321	148719.2735473301
322	149125.57032477012
323	152096.1732768795
324	153091.2522730098
325	150166.5775498702
326	150799.35704304022
327	153943.78607158878
328	157367.4943121865
329	161041.5336469629
330	164951.51787769079
331	168064.9770213556
332	173033.30462950128
333	176671.15545234174
334	181321.39227274293
335	186142.3914706059
336	191119.84288221234
337	195741.84354271807
338	200856.57955879756
339	201323.95958858344
340	196696.7774439509
341	191581.23450760118
342	186625.2237338254
343	181827.58812815876
344	177202.95223634545
345	175453.18195533202
346	172135.9151388308
347	168373.8445044818
348	165539.06400310056
349	161668.60357835385
350	158034.53304437562
351	154651.73561090723
352	151537.47302037617
353	151645.5720955508
354	152390.44256045774
355	155665.8862196679
356	159180.457262162
357	162919.6452955253
358	166865.54559991177
359	171001.11896785005
360	175311.4789584281
361	179783.37734401124
362	184405.87748420675
363	189172.04814926305
364	194084.78734588114
365	199137.25147237486
366	204309.27681503285
367	209358.03748930313
368	214340.77115576126
369	214271.64660567665
370	209259.58212661388
371	204282.4745825288
372	199129.47167405018
373	194090.9219687057
374	192839.06384459502
375	191023.1488073094
376	189125.34013348716
377	184391.9366087674
378	179795.63689697144
379	175345.9812248677
380	171053.52641348765
381	166930.168247127
382	162990.16595620944
383	159252.30271999803
384	155737.77553303842
385	152462.76562726227
386	155468.17430663505
387	158730.90432807364
388	162230.74157869746
