Gaussian Denoiser Window Size: 2
Predicted sites number: 24
Predicted nucleotides number: 32

Site#1:
4
Site#2:
23
Site#3:
32
Site#4:
39
Site#5:
54
Site#6:
66
Site#7:
90
Site#8:
118
119
121
Site#9:
137
Site#10:
140
142
143
Site#11:
181
Site#12:
196
198
Site#13:
205
207
Site#14:
246
Site#15:
275
Site#16:
285
Site#17:
289
Site#18:
292
Site#19:
308
Site#20:
322
324
326
Site#21:
339
Site#22:
353
Site#23:
369
Site#24:
386

extremaRank	extremaLoc	extremaNt	extremaNDS_gd
1	23	23	119665.84
2	246	246	119713.89
3	39	39	121356.74
4	121	121	122184.11
5	66	66	122250.41
6	118	118	122355.76
7	119	119	122391.98
8	32	32	129851.72
9	4	4	139254.74
10	140	140	142309.89
11	143	143	142512.09
12	142	142	143581.62
13	285	285	144782.92
14	292	292	146998.79
15	137	137	148464.61
16	322	322	148922.42
17	54	54	149210.98
18	326	326	150482.97
19	353	353	151591.52
20	324	324	152593.71
21	289	289	152718.79
22	386	386	153965.47
23	275	275	170220.5
24	90	90	196516.84
25	308	308	197865.14
26	339	339	201090.27
27	205	205	206928.22
28	207	207	211338.91
29	369	369	214306.21
30	196	196	220393.94
31	198	198	225610.7
32	181	181	280439.21

Gaussian Denoised Signal:
1	1	135154.04
2	2	135882.49
3	3	137452.07
4	4	139254.74
5	5	139110.64
6	6	136984.41
7	7	135019
8	8	133198.03
9	9	131885.01
10	10	130711.09
11	11	129141.96
12	12	127767.5
13	13	126590.53
14	14	125375.93
15	15	124268.16
16	16	123264.9
17	17	122367.19
18	18	121578.31
19	19	120903.78
20	20	120351.74
21	21	119934.29
22	22	119671.18
23	23	119665.84
24	24	119910.31
25	25	120290.41
26	26	120770.9
27	27	121602.94
28	28	122913.91
29	29	124555.24
30	30	126397.01
31	31	128505.99
32	32	129851.72
33	33	129009.59
34	34	126864.22
35	35	125359.2
36	36	124444.27
37	37	123167.61
38	38	121858.33
39	39	121356.74
40	40	121791.28
41	41	122788.19
42	42	124218.88
43	43	125981.44
44	44	128057.38
45	45	130427.47
46	46	132108.3
47	47	133283.65
48	48	134932.39
49	49	136671.79
50	50	138117.02
51	51	140407.42
52	52	143692.09
53	53	147138.84
54	54	149210.98
55	55	147811.83
56	56	144356.63
57	57	140848.45
58	58	137694.54
59	59	134231.6
60	60	130995.67
61	61	128637.67
62	62	126577.55
63	63	124831.64
64	64	123410.96
65	65	122599.81
66	66	122250.41
67	67	122733.8
68	68	124200.06
69	69	125631.73
70	70	127316.14
71	71	129458.33
72	72	131183.77
73	73	133186.2
74	74	136000.41
75	75	139149.43
76	76	143274.49
77	77	147224.44
78	78	150603.64
79	79	154421.22
80	80	158387.43
81	81	161599.44
82	82	163705.6
83	83	166775.98
84	84	171150.37
85	85	175638.59
86	86	180235.94
87	87	184939.34
88	88	189645.14
89	89	194262.29
90	90	196516.84
91	91	194162.86
92	92	189552.69
93	93	184886.58
94	94	180189.28
95	95	175599.63
96	96	171121.26
97	97	166759.94
98	98	162525.61
99	99	158427.69
100	100	154470.87
101	101	150663.03
102	102	148443.12
103	103	147486.02
104	104	146086.09
105	105	144370.93
106	106	142507.71
107	107	140686.66
108	108	139103.05
109	109	137938.4
110	110	136038.63
111	111	133263.97
112	112	131381.16
113	113	129838.54
114	114	127775.59
115	115	125957.21
116	116	124406.5
117	117	122956.7
118	118	122355.76
119	119	122391.98
120	120	122326.94
121	121	122184.11
122	122	122618.36
123	123	123754.01
124	124	125068.34
125	125	126543.81
126	126	128171.65
127	127	129956.55
128	128	131903.34
129	129	133997.82
130	130	136225.21
131	131	138587.89
132	132	139541.27
133	133	140432.41
134	134	142569.04
135	135	145196.27
136	136	147839.42
137	137	148464.61
138	138	146661.89
139	139	143786.38
140	140	142309.89
141	141	143514.66
142	142	143581.62
143	143	142512.09
144	144	143974.67
145	145	146769.94
146	146	149689.75
147	147	152717.76
148	148	155847.2
149	149	158234.17
150	150	160149.17
151	151	162470.68
152	152	164739.24
153	153	166557.4
154	154	167655.03
155	155	169781.62
156	156	173391.8
157	157	176904.14
158	158	180509.45
159	159	183468.3
160	160	186476.77
161	161	190459.18
162	162	194523.91
163	163	198671.27
164	164	202904.88
165	165	207231.41
166	166	211658.26
167	167	216201.82
168	168	220870.36
169	169	225651.3
170	170	230534.8
171	171	235210.85
172	172	240331.58
173	173	245063.98
174	174	249506.02
175	175	254788.18
176	176	260148.99
177	177	264618.26
178	178	269157.22
179	179	274602.22
180	180	278876.63
181	181	280439.21
182	182	278745.02
183	183	274388.48
184	184	268941.76
185	185	264484.48
186	186	260074.2
187	187	254710.34
188	188	249423.08
189	189	245520.41
190	190	242159.63
191	191	237900.69
192	192	234290.01
193	193	230385.01
194	194	225494.89
195	195	220715.76
196	196	220393.94
197	197	223804.13
198	198	225610.7
199	199	225443.29
200	200	223311.89
201	201	219634.51
202	202	215185.6
203	203	210958.34
204	204	207953.97
205	205	206928.22
206	206	208159.91
207	207	211338.91
208	208	211095.23
209	209	206667.35
210	210	202348.75
211	211	198123.64
212	212	193982.84
213	213	189922.6
214	214	185943.02
215	215	182558.16
216	216	179216.18
217	217	175990.97
218	218	172866.48
219	219	169262.12
220	220	165910.66
221	221	162107.64
222	222	158444.17
223	223	155420.77
224	224	152293.55
225	225	149273.23
226	226	146365.13
227	227	143580.66
228	228	140930.23
229	229	138419.48
230	230	136047.79
231	231	133809.11
232	232	131699.81
233	233	130503.28
234	234	130086.62
235	235	129566.93
236	236	129028.52
237	237	127922.26
238	238	126303.81
239	239	124833.17
240	240	123522.31
241	241	122388.54
242	242	121679.45
243	243	121200.86
244	244	120544.85
245	245	119903.1
246	246	119713.89
247	247	119969.17
248	248	120380.17
249	249	120929.26
250	250	121604.28
251	251	122396.83
252	252	123301.23
253	253	124313.83
254	254	125433.21
255	255	126661.39
256	256	127773.4
257	257	128949.96
258	258	130358.64
259	259	131562.32
260	260	132276.75
261	261	133381.75
262	262	135233.6
263	263	137225.76
264	264	139368.09
265	265	141672.87
266	266	143982.95
267	267	145563.73
268	268	147445.71
269	269	150331.55
270	270	153401.27
271	271	156720.04
272	272	160263.99
273	273	163511.28
274	274	167178.83
275	275	170220.5
276	276	169541.49
277	277	165803.68
278	278	161714.49
279	279	158171.34
280	280	154857.37
281	281	152846.73
282	282	151069.84
283	283	148167.45
284	284	145549.21
285	285	144782.92
286	286	146334.72
287	287	148973.77
288	288	152031.65
289	289	152718.79
290	290	150369.59
291	291	147782.73
292	292	146998.79
293	293	148804.01
294	294	151730.16
295	295	153501.47
296	296	154603.55
297	297	156854.54
298	298	159867.41
299	299	163149.94
300	300	166204.78
301	301	168603.54
302	302	171765.89
303	303	176202.76
304	304	180807.52
305	305	185563.04
306	306	190081.48
307	307	194782.74
308	308	197865.14
309	309	196235.33
310	310	191501.69
311	311	186476.65
312	312	181736.08
313	313	177150.55
314	314	172738.29
315	315	170112
316	316	168144.33
317	317	164491.46
318	318	160109.26
319	319	156183.64
320	320	152962.82
321	321	150077.99
322	322	148922.42
323	323	150610.87
324	324	152593.71
325	325	151628.91
326	326	150482.97
327	327	152371.57
328	328	155655.64
329	329	159204.51
330	330	162996.53
331	331	166508.25
332	332	170549.14
333	333	174852.23
334	334	178996.27
335	335	183731.89
336	336	188631.12
337	337	193430.84
338	338	198299.21
339	339	201090.27
340	340	199010.37
341	341	194139.01
342	342	189103.23
343	343	184226.41
344	344	179515.27
345	345	176328.07
346	346	173794.55
347	347	170254.88
348	348	166956.45
349	349	163603.83
350	350	159851.57
351	351	156343.13
352	352	153094.6
353	353	151591.52
354	354	152018.01
355	355	154028.16
356	356	157423.17
357	357	161050.05
358	358	164892.6
359	359	168933.33
360	360	173156.3
361	361	177547.43
362	362	182094.63
363	363	186788.96
364	364	191628.42
365	365	196611.02
366	366	201723.26
367	367	206833.66
368	368	211849.4
369	369	214306.21
370	370	211765.61
371	371	206771.03
372	372	201705.97
373	373	196610.2
374	374	193464.99
375	375	191931.11
376	376	190074.24
377	377	186758.64
378	378	182093.79
379	379	177570.81
380	380	173199.75
381	381	168991.85
382	382	164960.17
383	383	161121.23
384	384	157495.04
385	385	154100.27
386	386	153965.47
387	387	157099.54
388	388	160480.82
====================

