"nt"	"nds"
1	157107.3095589811
2	154583.24501417522
3	152213.56823649333
4	149508.117471442
5	147207.21412942684
6	145315.69429136318
7	143532.664744823
8	141850.6222850243
9	140269.93775469458
10	139814.05226327977
11	138588.6430055208
12	136923.68874209942
13	135613.25359693792
14	134444.77237436487
15	133375.739768151
16	132403.10797656383
17	131527.9659992357
18	130753.54471757471
19	130085.10392292633
20	129529.90979175003
21	129098.26462698776
22	128805.3069711569
23	128676.74429060888
24	128955.72461848517
25	129388.89470531285
26	129939.10187697668
27	130560.05025104908
28	131832.1025873736
29	133430.4248132766
30	135345.1172085831
31	137309.23378225914
32	139744.44516778993
33	140111.50016713023
34	137996.84591688865
35	135643.75709967985
36	134845.1971949688
37	133706.30761867214
38	132110.9973867329
39	130848.91141302547
40	130989.28434400284
41	131737.5540020788
42	133115.93200019712
43	134826.64279502374
44	136851.6841133603
45	139172.3734361939
46	141769.1869519156
47	142654.86621509132
48	144200.94822122707
49	146039.08896466508
50	147752.20234842986
51	148975.36332224013
52	152407.15020897423
53	155656.90176460252
54	159393.0455679971
55	159831.65891810236
56	156534.68740378576
57	152825.77987576055
58	149414.08925848888
59	146370.1226140597
60	142319.05792431175
61	139731.89593462597
62	137425.8789257023
63	135418.87496508783
64	133725.6079129194
65	132353.15674075054
66	131950.09442538331
67	131580.25819525454
68	132972.18580914525
69	134691.16284546614
70	136029.8667467135
71	138260.01833485015
72	140449.9464489028
73	141741.97736621046
74	144506.46721518788
75	147495.23925525337
76	150977.05790217564
77	155929.30792291134
78	158944.75887215315
79	162731.27280647476
80	166671.96257077603
81	170750.48792508003
82	173168.3631208209
83	175002.33969414711
84	179355.88117191338
85	183823.65115655182
86	188400.7422950409
87	193083.17604009126
88	197869.06678173566
89	202563.81357114675
90	207156.958480792
91	207064.0150450662
92	202384.01897036177
93	197788.2292220118
94	193005.97330517432
95	188328.36865596095
96	183757.6531597607
97	179298.5743957979
98	174958.21788097054
99	170748.77080004642
100	166675.98854894907
101	162743.00803639798
102	158962.812493996
103	158216.27498674364
104	156970.40894925993
105	155333.1918952893
106	153460.12575885537
107	151539.28121960632
108	149771.7661987127
109	148353.57460572897
110	147455.2838984842
111	144505.07985776133
112	141774.82954635881
113	140577.04084633678
114	138498.740196058
115	136296.03557646874
116	134811.41047477996
117	133113.40996813512
118	131726.61866965576
119	131728.69671005895
120	131610.75765479682
121	131387.46644219445
122	131102.50916727647
123	132078.12182486878
124	133245.3344858869
125	134582.21552863452
126	136075.6105249267
127	137721.24293661155
128	139534.12992647852
129	141510.65884180163
130	143624.2663623965
131	145870.23488595177
132	148258.03251962835
133	147906.73331798927
134	150386.03004691235
135	152469.84634707033
136	155774.73670265177
137	157676.92371708134
138	156794.40586430993
139	153858.7553609398
140	151014.08076465852
141	150886.13976201782
142	153286.76738511812
143	150883.05699830528
144	151010.66833877502
145	153685.69393712125
146	156497.66417857923
147	159424.94036439442
148	162456.8008523211
149	165590.34115873202
150	167244.00987128183
151	169503.2715986464
152	171896.89614663913
153	173978.68112677283
154	175412.25308198418
155	176014.19856844936
156	179536.30663749448
157	183151.0554197654
158	186577.6605991398
159	190377.74212230137
160	192342.7337928097
161	196247.50721856448
162	200236.43304897586
163	204307.8617451252
164	208464.4185717427
165	212710.99122214154
166	217055.41386131782
167	221504.87881309257
168	226090.0438401957
169	230801.60923618695
170	235618.4200099329
171	240536.51152399692
172	245036.62486318586
173	250841.7161161217
174	254382.52048384372
175	259613.16410866656
176	264923.36386564176
177	270312.4818961799
178	273934.5444915592
179	279497.3028941773
180	284805.7195903421
181	287911.2494685366
182	287730.0975679128
183	284329.63965738646
184	278904.9866530755
185	273452.0942399284
186	270130.8546328572
187	264738.0489167494
188	259422.42052671107
189	254184.82898163883
190	251556.36946049266
191	247368.6365361819
192	243055.95626238882
193	240275.95297762658
194	235349.15391225214
195	230525.51358662863
196	225821.59587249157
197	229822.77718004855
198	232458.0167914641
199	233205.09622300955
200	231893.65624043785
201	228764.02403886925
202	224454.74999914438
203	219899.7047338268
204	216146.71396803923
205	214116.38341769055
206	214344.2101775247
207	216791.6090905379
208	220829.81666154772
209	216370.88114397207
210	212032.11538931262
211	207794.0174811875
212	203644.273165651
213	199577.42256710003
214	195591.2823622714
215	191688.12309381575
216	188792.95272328708
217	184976.23080617926
218	182499.73052562188
219	178888.5324013056
220	175373.48057251866
221	172137.11169026807
222	167731.63401581455
223	165036.07435835723
224	161901.23658445853
225	158874.0471795817
226	155956.58085886357
227	153157.30088139072
228	150490.92767678373
229	147957.5566242747
230	145561.9692990842
231	143304.50292805018
232	141178.70848110504
233	139183.75527044697
234	138824.4103682891
235	138343.25419515435
236	137811.02351563418
237	137328.71904992912
238	135696.34325763155
239	134208.99593586783
240	132876.4287658447
241	131712.82779020275
242	130738.69925534204
243	130198.59032633757
244	129562.22252296112
245	128911.03163990521
246	128560.22159226626
247	128674.47879152163
248	128951.7666311683
249	129370.54010010729
250	129915.74844409415
251	130576.80497039585
252	131346.07285836557
253	132217.95605442973
254	133188.767588627
255	134256.89996589575
256	135424.74096790203
257	136132.12876122858
258	137323.20785669083
259	138568.07366619006
260	139540.65770253533
261	140103.48653784144
262	141690.41318753356
263	143377.73125855645
264	145165.07264328634
265	147058.48646027956
266	148925.81041842853
267	150536.7217908959
268	151023.94170706277
269	153186.7937882284
270	155561.02485876833
271	158040.03612057387
272	160755.8864765805
273	163700.40997007192
274	166081.7340667571
275	169788.51253227922
276	170986.5612463948
277	168496.57661925687
278	164850.84011981252
279	161946.61210284484
280	159279.6240333551
281	156858.65579537943
282	156443.87886105632
283	154503.7593176163
284	152015.76601321806
285	150499.83875385943
286	151535.44643775086
287	152017.51058025027
288	154388.74092746654
289	156919.127709004
290	157730.07683567927
291	161083.1207142677
292	166257.49475909403
293	171808.00730308407
294	175169.0293435287
295	178758.52397417117
296	179640.78248792063
297	181807.75279194154
298	184892.91515369905
299	188398.628881019
300	191791.37210327378
301	194588.84163976688
302	196426.14485028238
303	200975.98702374034
304	205677.37078050498
305	210515.4526935058
306	215479.94426323564
307	219915.35365914757
308	225114.23752835733
309	225871.55537358552
310	221400.18406301655
311	216164.61347146408
312	211197.25801741527
313	206358.59345331075
314	201660.2524079017
315	197118.3909380591
316	195725.7998603127
317	192221.00280293002
318	187502.29878275556
319	182846.4675947187
320	179592.36519903466
321	176034.22664876917
322	172727.05195219064
323	172871.39537844155
324	176318.55916211434
325	176808.54740233265
326	173399.0369314734
327	173781.4744935567
328	177270.64015999055
329	180988.1525848615
330	184912.8166909786
331	189037.07290815533
332	192716.58505854322
333	197846.22794809513
334	201209.9606233763
335	205991.64616751287
336	210929.5921516778
337	216011.92083030747
338	220946.6682379699
339	225938.20037224764
340	225984.05314395513
341	221044.29003283952
342	216061.58985384807
343	210985.14534921787
344	206054.14185803809
345	201280.02900322695
346	199119.16698119094
347	195512.83182084432
348	191702.21495776824
349	189107.22489901225
350	185000.62212675266
351	181094.091076815
352	177395.39120113567
353	173915.98477629843
354	173689.54206669613
355	173446.62218553663
356	176834.11370428585
357	180427.2809600473
358	184213.8741654438
359	188183.44086222094
360	192326.28912896127
361	196632.5484822008
362	201092.57453235335
363	205697.21563729984
364	210441.10822435986
365	215332.35382796498
366	220364.45082436036
367	225514.21867862626
368	230816.12082540264
369	235521.00614125718
370	234931.49087252203
371	229669.87488396175
372	224990.4649844198
373	219848.02337173768
374	214817.20641687128
375	213473.65121665542
376	211649.2461433809
377	209860.21833480737
378	205135.50779457882
379	200543.19535239972
380	196090.8686175882
381	191787.63890462933
382	187642.7718913771
383	183665.02486295562
384	179863.085870424
385	176245.41727219397
386	172820.14154472528
387	168544.6442694224
388	164137.71788724317
389	160391.3594462244
