Gaussian Denoiser Window Size: 2
Predicted sites number: 20
Predicted nucleotides number: 26

Site#1:
23
Site#2:
33
Site#3:
40
Site#4:
55
Site#5:
67
Site#6:
91
Site#7:
122
Site#8:
138
Site#9:
141
142
144
Site#10:
182
Site#11:
197
199
Site#12:
206
208
Site#13:
247
Site#14:
276
Site#15:
286
Site#16:
309
Site#17:
323
325
327
Site#18:
340
Site#19:
355
Site#20:
370

extremaRank	extremaLoc	extremaNt	extremaNDS_gd
1	247	247	128617.35
2	23	23	128741.03
3	40	40	130919.1
4	122	122	131244.99
5	67	67	131765.18
6	33	33	139927.97
7	144	144	150946.86
8	141	141	150950.11
9	286	286	151017.64
10	142	142	152086.45
11	138	138	157235.66
12	55	55	159612.35
13	276	276	170387.54
14	323	323	172799.22
15	355	355	173568.08
16	327	327	173590.26
17	325	325	176563.55
18	91	91	207110.49
19	206	206	214230.3
20	208	208	218810.71
21	309	309	225492.9
22	340	340	225961.13
23	197	197	227822.19
24	199	199	232831.56
25	370	370	235226.25
26	182	182	287820.67

Gaussian Denoised Signal:
1	1	157107.31
2	2	155845.28
3	3	153398.41
4	4	150860.84
5	5	148357.67
6	6	146261.45
7	7	144424.18
8	8	142691.64
9	9	141060.28
10	10	140042
11	11	139201.35
12	12	137756.17
13	13	136268.47
14	14	135029.01
15	15	133910.26
16	16	132889.42
17	17	131965.54
18	18	131140.76
19	19	130419.32
20	20	129807.51
21	21	129314.09
22	22	128951.79
23	23	128741.03
24	24	128816.23
25	25	129172.31
26	26	129664
27	27	130249.58
28	28	131196.08
29	29	132631.26
30	30	134387.77
31	31	136327.18
32	32	138526.84
33	33	139927.97
34	34	139054.17
35	35	136820.3
36	36	135244.48
37	37	134275.75
38	38	132908.65
39	39	131479.95
40	40	130919.1
41	41	131363.42
42	42	132426.74
43	43	133971.29
44	44	135839.16
45	45	138012.03
46	46	140470.78
47	47	142212.03
48	48	143427.91
49	49	145120.02
50	50	146895.65
51	51	148363.78
52	52	150691.26
53	53	154032.03
54	54	157524.97
55	55	159612.35
56	56	158183.17
57	57	154680.23
58	58	151119.93
59	59	147892.11
60	60	144344.59
61	61	141025.48
62	62	138578.89
63	63	136422.38
64	64	134572.24
65	65	133039.38
66	66	132151.63
67	67	131765.18
68	68	132276.22
69	69	133831.67
70	70	135360.51
71	71	137144.94
72	72	139354.98
73	73	141095.96
74	74	143124.22
75	75	146000.85
76	76	149236.15
77	77	153453.18
78	78	157437.03
79	79	160838.02
80	80	164701.62
81	81	168711.23
82	82	171959.43
83	83	174085.35
84	84	177179.11
85	85	181589.77
86	86	186112.2
87	87	190741.96
88	88	195476.12
89	89	200216.44
90	90	204860.39
91	91	207110.49
92	92	204724.02
93	93	200086.12
94	94	195397.1
95	95	190667.17
96	96	186043.01
97	97	181528.11
98	98	177128.4
99	99	172853.49
100	100	168712.38
101	101	164709.5
102	102	160852.91
103	103	158589.54
104	104	157593.34
105	105	156151.8
106	106	154396.66
107	107	152499.7
108	108	150655.52
109	109	149062.67
110	110	147904.43
111	111	145980.18
112	112	143139.95
113	113	141175.94
114	114	139537.89
115	115	137397.39
116	116	135553.72
117	117	133962.41
118	118	132420.01
119	119	131727.66
120	120	131669.73
121	121	131499.11
122	122	131244.99
123	123	131590.32
124	124	132661.73
125	125	133913.78
126	126	135328.91
127	127	136898.43
128	128	138627.69
129	129	140522.39
130	130	142567.46
131	131	144747.25
132	132	147064.13
133	133	148082.38
134	134	149146.38
135	135	151427.94
136	136	154122.29
137	137	156725.83
138	138	157235.66
139	139	155326.58
140	140	152436.42
141	141	150950.11
142	142	152086.45
143	143	152084.91
144	144	150946.86
145	145	152348.18
146	146	155091.68
147	147	157961.3
148	148	160940.87
149	149	164023.57
150	150	166417.18
151	151	168373.64
152	152	170700.08
153	153	172937.79
154	154	174695.47
155	155	175713.23
156	156	177775.25
157	157	181343.68
158	158	184864.36
159	159	188477.7
160	160	191360.24
161	161	194295.12
162	162	198241.97
163	163	202272.15
164	164	206386.14
165	165	210587.7
166	166	214883.2
167	167	219280.15
168	168	223797.46
169	169	228445.83
170	170	233210.01
171	171	238077.47
172	172	242786.57
173	173	247939.17
174	174	252612.12
175	175	256997.84
176	176	262268.26
177	177	267617.92
178	178	272123.51
179	179	276715.92
180	180	282151.51
181	181	286358.48
182	182	287820.67
183	183	286029.87
184	184	281617.31
185	185	276178.54
186	186	271791.47
187	187	267434.45
188	188	262080.23
189	189	256803.62
190	190	252870.6
191	191	249462.5
192	192	245212.3
193	193	241665.95
194	194	237812.55
195	195	232937.33
196	196	228173.55
197	197	227822.19
198	198	231140.4
199	199	232831.56
200	200	232549.38
201	201	230328.84
202	202	226609.39
203	203	222177.23
204	204	218023.21
205	205	215131.55
206	206	214230.3
207	207	215567.91
208	208	218810.71
209	209	218600.35
210	210	214201.5
211	211	209913.07
212	212	205719.15
213	213	201610.85
214	214	197584.35
215	215	193639.7
216	216	190240.54
217	217	186884.59
218	218	183737.98
219	219	180694.13
220	220	177131.01
221	221	173755.3
222	222	169934.37
223	223	166383.85
224	224	163468.66
225	225	160387.64
226	226	157415.31
227	227	154556.94
228	228	151824.11
229	229	149224.24
230	230	146759.76
231	231	144433.24
232	232	142241.61
233	233	140181.23
234	234	139004.08
235	235	138583.83
236	236	138077.14
237	237	137569.87
238	238	136512.53
239	239	134952.67
240	240	133542.71
241	241	132294.63
242	242	131225.76
243	243	130468.64
244	244	129880.41
245	245	129236.63
246	246	128735.63
247	247	128617.35
248	248	128813.12
249	249	129161.15
250	250	129643.14
251	251	130246.28
252	252	130961.44
253	253	131782.01
254	254	132703.36
255	255	133722.83
256	256	134840.82
257	257	135778.43
258	258	136727.67
259	259	137945.64
260	260	139054.37
261	261	139822.07
262	262	140896.95
263	263	142534.07
264	264	144271.4
265	265	146111.78
266	266	147992.15
267	267	149731.27
268	268	150780.33
269	269	152105.37
270	270	154373.91
271	271	156800.53
272	272	159397.96
273	273	162228.15
274	274	164891.07
275	275	167935.12
276	276	170387.54
277	277	169741.57
278	278	166673.71
279	279	163398.73
280	280	160613.12
281	281	158069.14
282	282	156651.27
283	283	155473.82
284	284	153259.76
285	285	151257.8
286	286	151017.64
287	287	151776.48
288	288	153203.13
289	289	155653.93
290	290	157324.6
291	291	159406.6
292	292	163670.31
293	293	169032.75
294	294	173488.52
295	295	176963.78
296	296	179199.65
297	297	180724.27
298	298	183350.33
299	299	186645.77
300	300	190095
301	301	193190.11
302	302	195507.49
303	303	198701.07
304	304	203326.68
305	305	208096.41
306	306	212997.7
307	307	217697.65
308	308	222514.8
309	309	225492.9
310	310	223635.87
311	311	218782.4
312	312	213680.94
313	313	208777.93
314	314	204009.42
315	315	199389.32
316	316	196422.1
317	317	193973.4
318	318	189861.65
319	319	185174.38
320	320	181219.42
321	321	177813.3
322	322	174380.64
323	323	172799.22
324	324	174594.98
325	325	176563.55
326	326	175103.79
327	327	173590.26
328	328	175526.06
329	329	179129.4
330	330	182950.48
331	331	186974.94
332	332	190876.83
333	333	195281.41
334	334	199528.09
335	335	203600.8
336	336	208460.62
337	337	213470.76
338	338	218479.29
339	339	223442.43
340	340	225961.13
341	341	223514.17
342	342	218552.94
343	343	213523.37
344	344	208519.64
345	345	203667.09
346	346	200199.6
347	347	197316
348	348	193607.52
349	349	190404.72
350	350	187053.92
351	351	183047.36
352	352	179244.74
353	353	175655.69
354	354	173802.76
355	355	173568.08
356	356	175140.37
357	357	178630.7
358	358	182320.58
359	359	186198.66
360	360	190254.86
361	361	194479.42
362	362	198862.56
363	363	203394.9
364	364	208069.16
365	365	212886.73
366	366	217848.4
367	367	222939.33
368	368	228165.17
369	369	233168.56
370	370	235226.25
371	371	232300.68
372	372	227330.17
373	373	222419.24
374	374	217332.61
375	375	214145.43
376	376	212561.45
377	377	210754.73
378	378	207497.86
379	379	202839.35
380	380	198317.03
381	381	193939.25
382	382	189715.21
383	383	185653.9
384	384	181764.06
385	385	178054.25
386	386	174532.78
387	387	170682.39
388	388	166341.18
389	389	162264.54
====================

