"nt"	"nds"
1	33451.12509016718
2	31902.50067578199
3	30514.240946545768
4	29305.457221370456
5	28299.04957135396
6	27525.74463002144
7	27044.11677952739
8	26594.592542317903
9	26709.676419281946
10	26940.205975933273
11	27272.38505731734
12	27697.953032394722
13	28041.559453773116
14	28233.38329370302
15	28861.135367273633
16	29585.83015206693
17	30414.94428904221
18	30889.672700974374
19	31655.093077365465
20	32596.06464773129
21	33599.013238899046
22	34562.97157479535
23	35407.803389557215
24	36077.78687390488
25	36543.02732137832
26	36799.834115413054
27	36869.25812802051
28	38215.847215265356
29	39647.47101856622
30	41153.38668642586
31	42729.11233538157
32	44372.05688520211
33	46081.28195529016
34	47856.521297172236
35	49700.01985090229
36	50558.68962530224
37	51741.271415973475
38	52948.35790947601
39	53914.352276201076
40	54458.086000976204
41	56564.13776266396
42	58287.32686064353
43	60632.43319083806
44	62484.1132559529
45	63062.84559756381
46	62143.48107069006
47	60101.282088992026
48	57815.2322672207
49	56383.95348355081
50	54280.26425246477
51	52021.10632123033
52	49625.6773101574
53	47770.76244510838
54	45988.36374459282
55	44274.075198685
56	42627.198879333766
57	41048.31682324558
58	39539.96154668142
59	38107.2139341657
60	36760.134917451236
61	36373.91043618369
62	35649.605200722865
63	34601.636779281274
64	33333.44073411541
65	32031.721136349293
66	30945.7624592973
67	30352.035099971137
68	29514.86501367414
69	29198.378171501645
70	28775.1231021299
71	28153.125512297484
72	27627.454573200994
73	27199.543199435953
74	26868.48648225583
75	26640.92410062313
76	26530.218502879958
77	26769.475227548868
78	27147.681393118743
79	27490.23027500615
80	28172.30556457847
81	29036.44305125861
82	30060.5183668559
83	31227.397349043327
84	32519.973858192036
85	33926.01972572647
86	35437.15221689313
87	37047.04044552357
88	38750.82806251954
89	40545.523548894766
90	42430.606136056114
91	43636.65526447717
92	45698.250435581685
93	47626.57516590119
94	48591.9789778079
95	48192.93092560537
96	46571.07200187287
97	44404.60692542873
98	42725.470320338165
99	40841.462833012265
100	39047.27011717785
101	37343.00985819055
102	35731.669301524555
103	34217.786450129905
104	32807.631870344274
105	31508.65738118059
106	30330.852724021446
107	29941.32792669507
108	29279.8593052469
109	28409.560883813716
110	27717.832894303985
111	27812.04957769599
112	27896.32542574886
113	27964.937766851734
114	28016.212237167096
115	28930.360316802748
116	30062.542652353288
117	31380.139030382605
118	32860.3339796955
119	34484.858988354594
120	36239.7453848549
121	38114.38539469198
122	39790.97290241782
123	41915.644235239335
124	42923.631501114374
125	42118.631575984655
126	40034.47000051014
127	38212.8483971878
128	36331.805943420746
129	34568.69158618594
130	32934.28973698083
131	31442.992531641663
132	30114.08358388003
133	28973.171993612563
134	28056.000558421398
135	28040.922072412126
136	28009.69809955913
137	28899.07793277254
138	29580.93924169538
139	30057.36262095098
140	31410.015993253237
141	32940.06980391566
142	34628.523957464415
143	36489.0780224228
144	38184.30034221456
145	38056.254816017965
146	36233.05990696919
147	34506.71522004107
148	32813.91059205516
149	31279.33122315569
150	29924.546446656066
151	28778.61242476803
152	27872.3394979911
153	27831.13541940657
154	27790.202893626058
155	27749.70913024359
156	28536.96556303007
157	29558.01530390296
158	30781.17352523562
159	32183.137780952104
160	33743.56609225352
161	35997.24575750712
