Gaussian Denoiser Window Size: 2
Predicted sites number: 9
Predicted nucleotides number: 9

Site#1:
9
Site#2:
45
Site#3:
76
Site#4:
95
Site#5:
111
Site#6:
125
Site#7:
136
Site#8:
145
Site#9:
155

extremaRank	extremaLoc	extremaNt	extremaNDS_gd
1	76	76	26585.57
2	9	9	26652.13
3	111	111	27764.94
4	155	155	27769.96
5	136	136	28025.31
6	145	145	38120.28
7	125	125	42521.13
8	95	95	48392.45
9	45	45	62773.48

Gaussian Denoised Signal:
1	1	33451.13
2	2	32676.81
3	3	31208.37
4	4	29909.85
5	5	28802.25
6	6	27912.4
7	7	27284.93
8	8	26819.35
9	9	26652.13
10	10	26824.94
11	11	27106.3
12	12	27485.17
13	13	27869.76
14	14	28137.47
15	15	28547.26
16	16	29223.48
17	17	30000.39
18	18	30652.31
19	19	31272.38
20	20	32125.58
21	21	33097.54
22	22	34080.99
23	23	34985.39
24	24	35742.8
25	25	36310.41
26	26	36671.43
27	27	36834.55
28	28	37542.55
29	29	38931.66
30	30	40400.43
31	31	41941.25
32	32	43550.58
33	33	45226.67
34	34	46968.9
35	35	48778.27
36	36	50129.35
37	37	51149.98
38	38	52344.81
39	39	53431.36
40	40	54186.22
41	41	55511.11
42	42	57425.73
43	43	59459.88
44	44	61558.27
45	45	62773.48
46	46	62603.16
47	47	61122.38
48	48	58958.26
49	49	57099.59
50	50	55332.11
51	51	53150.69
52	52	50823.39
53	53	48698.22
54	54	46879.56
55	55	45131.22
56	56	43450.64
57	57	41837.76
58	58	40294.14
59	59	38823.59
60	60	37433.67
61	61	36567.02
62	62	36011.76
63	63	35125.62
64	64	33967.54
65	65	32682.58
66	66	31488.74
67	67	30648.9
68	68	29933.45
69	69	29356.62
70	70	28986.75
71	71	28464.12
72	72	27890.29
73	73	27413.5
74	74	27034.01
75	75	26754.71
76	76	26585.57
77	77	26649.85
78	78	26958.58
79	79	27318.96
80	80	27831.27
81	81	28604.37
82	82	29548.48
83	83	30643.96
84	84	31873.69
85	85	33223
86	86	34681.59
87	87	36242.1
88	88	37898.93
89	89	39648.18
90	90	41488.06
91	91	43033.63
92	92	44667.45
93	93	46662.41
94	94	48109.28
95	95	48392.45
96	96	47382
97	97	45487.84
98	98	43565.04
99	99	41783.47
100	100	39944.37
101	101	38195.14
102	102	36537.34
103	103	34974.73
104	104	33512.71
105	105	32158.14
106	106	30919.76
107	107	30136.09
108	108	29610.59
109	109	28844.71
110	110	28063.7
111	111	27764.94
112	112	27854.19
113	113	27930.63
114	114	27990.58
115	115	28473.29
116	116	29496.45
117	117	30721.34
118	118	32120.24
119	119	33672.6
120	120	35362.3
121	121	37177.07
122	122	38952.68
123	123	40853.31
124	124	42419.64
125	125	42521.13
126	126	41076.55
127	127	39123.66
128	128	37272.33
129	129	35450.25
130	130	33751.49
131	131	32188.64
132	132	30778.54
133	133	29543.63
134	134	28514.59
135	135	28048.46
136	136	28025.31
137	137	28454.39
138	138	29240.01
139	139	29819.15
140	140	30733.69
141	141	32175.04
142	142	33784.3
143	143	35558.8
144	144	37336.69
145	145	38120.28
146	146	37144.66
147	147	35369.89
148	148	33660.31
149	149	32046.62
150	150	30601.94
151	151	29351.58
152	152	28325.48
153	153	27851.74
154	154	27810.67
155	155	27769.96
156	156	28143.34
157	157	29047.49
158	158	30169.59
159	159	31482.16
160	160	32963.35
161	161	34870.41
====================

