Gaussian Denoiser Window Size: 2
Predicted sites number: 20
Predicted nucleotides number: 26

Site#1:
29
Site#2:
39
Site#3:
46
Site#4:
61
Site#5:
73
Site#6:
97
Site#7:
128
Site#8:
144
Site#9:
147
148
150
Site#10:
188
Site#11:
203
205
Site#12:
212
214
Site#13:
253
Site#14:
282
Site#15:
291
Site#16:
315
Site#17:
329
331
333
Site#18:
346
Site#19:
361
Site#20:
376

extremaRank	extremaLoc	extremaNt	extremaNDS_gd
1	253	253	133125.7
2	29	29	133245.12
3	46	46	135678.02
4	128	128	136188.74
5	73	73	136640.45
6	39	39	144782.08
7	291	291	154117.64
8	150	150	156779.2
9	147	147	156805.51
10	148	148	157973.72
11	144	144	163299.56
12	61	61	164922.23
13	282	282	172755.62
14	329	329	179562.96
15	333	333	180598.64
16	361	361	180958.54
17	331	331	183511.62
18	97	97	213477.77
19	212	212	221661.28
20	214	214	226387.31
21	315	315	232600.26
22	346	346	234278.58
23	203	203	235584.74
24	205	205	240658.63
25	376	376	245105.22
26	188	188	296751.12

Gaussian Denoised Signal:
1	1	165769.83
2	2	164771.97
3	3	163004.97
4	4	161730.63
5	5	161000.37
6	6	159520.79
7	7	157091.57
8	8	155412.35
9	9	153850.94
10	10	151752.39
11	11	150434.64
12	12	149254.97
13	13	147506.22
14	14	145867.87
15	15	144332.82
16	16	143390.68
17	17	142628.95
18	18	141286.91
19	19	139884.14
20	20	138725.46
21	21	137701.79
22	22	136775.11
23	23	135944.38
24	24	135211.58
25	25	134580.72
26	26	134057.82
27	27	133651.41
28	28	133373.88
29	29	133245.12
30	30	133365.97
31	31	133743.16
32	32	134274.52
33	33	134913.17
34	34	135899.54
35	35	137358.21
36	36	139141.86
37	37	141097.5
38	38	143328.02
39	39	144782.08
40	40	143927.88
41	41	141662.67
42	42	140058.51
43	43	139076.24
44	44	137685.31
45	45	136235.39
46	46	135678.02
47	47	136174.75
48	48	137291.45
49	49	138865.9
50	50	140767.08
51	51	142976.71
52	52	145475.55
53	53	147235.15
54	54	148455.46
55	55	150168.8
56	56	151977.09
57	57	153481.46
58	58	155852.59
59	59	159233.04
60	60	162776.86
61	61	164922.23
62	62	163498.65
63	63	159943.93
64	64	156322.03
65	65	153059.18
66	66	149458.2
67	67	146075.32
68	68	143590.26
69	69	141398.97
70	70	139517.82
71	71	137957.37
72	72	137046.57
73	73	136640.45
74	74	137166.29
75	75	138771.87
76	76	140331.97
77	77	142145.63
78	78	144411.11
79	79	146210.97
80	80	148297.45
81	81	151237.43
82	82	154525.99
83	83	158814.71
84	84	162892.87
85	85	166373.84
86	86	170310.92
87	87	174395.37
88	88	177701.16
89	89	179865.79
90	90	183017.57
91	91	187507.08
92	92	192109.27
93	93	196819.95
94	94	201636.17
95	95	206451.89
96	96	211174.26
97	97	213477.77
98	98	211065.23
99	99	206348.31
100	100	201574.42
101	101	196762.63
102	102	192057.62
103	103	187463.1
104	104	182985.05
105	105	178632.96
106	106	174415.84
107	107	170338.6
108	108	166409.26
109	109	164107.4
110	110	163100.21
111	111	161636.67
112	112	159850.83
113	113	157917.24
114	114	156034
115	115	154403.44
116	116	153212.3
117	117	151241.56
118	118	148339.21
119	119	146339.98
120	120	144675.99
121	121	142483.81
122	122	140580.11
123	123	138934.2
124	124	137342.99
125	125	136635.87
126	126	136594.56
127	127	136436.87
128	128	136188.74
129	129	136569.16
130	130	137710.88
131	131	139036.22
132	132	140527.26
133	133	142174.91
134	134	143984.43
135	135	145961.43
136	136	148090.57
137	137	150355.71
138	138	152758.98
139	139	153822.85
140	140	154948.62
141	141	157331.6
142	142	160118.02
143	143	162792.45
144	144	163299.56
145	145	161316.67
146	146	158336.08
147	147	156805.51
148	148	157973.72
149	149	157964.49
150	150	156779.2
151	151	158220.84
152	152	161052.3
153	153	164011.06
154	154	167080.77
155	155	170254.6
156	156	172719.18
157	157	174732.84
158	158	177124.42
159	159	179423.65
160	160	181228.55
161	161	182271.44
162	162	184386.46
163	163	188048.37
164	164	191662
165	165	195369.36
166	166	198321.42
167	167	201325.45
168	168	205367.46
169	169	209493.29
170	170	213703.24
171	171	218000.88
172	172	222392.88
173	173	226886.64
174	174	231501.21
175	175	236248.04
176	176	241111.4
177	177	246078.03
178	178	250889
179	179	256150.85
180	180	260907.6
181	181	265370.06
182	182	270740.75
183	183	276190.86
184	184	280787.86
185	185	285475.17
186	186	291009.69
187	187	295281.78
188	188	296751.12
189	189	294907
190	190	290400.38
191	191	284862.25
192	192	280409.12
193	193	275981.83
194	194	270527.16
195	195	265150
196	196	261132.49
197	197	257645.8
198	198	253312.09
199	199	249708.14
200	200	245786.31
201	201	240811.47
202	202	235948.65
203	203	235584.74
204	204	238956.81
205	205	240658.63
206	206	240341.68
207	207	238048.4
208	208	234234.1
209	209	229706.34
210	210	225477.85
211	211	222550.44
212	212	221661.28
213	213	223056.2
214	214	226387.31
215	215	226177.97
216	216	221682.24
217	217	217297.24
218	218	213007.17
219	219	208802.86
220	220	204680.53
221	221	200640.53
222	222	197151.25
223	223	193704.57
224	224	190484.96
225	225	187369.42
226	226	183712.72
227	227	180236.83
228	228	176300.95
229	229	172660.45
230	230	169671.13
231	231	166499.32
232	232	163436.96
233	233	160489.44
234	234	157668.65
235	235	154981.42
236	236	152429.74
237	237	150016.52
238	238	147739.4
239	239	145595.02
240	240	144367.02
241	241	143926.34
242	242	143396.97
243	243	142868.79
244	244	141762.21
245	245	140123.92
246	246	138637.74
247	247	137315.83
248	248	136175.89
249	249	135342.04
250	250	134655.65
251	251	133902.09
252	252	133315.92
253	253	133125.7
254	254	133239.45
255	255	133502.89
256	256	133898.15
257	257	134412.69
258	258	135037.65
259	259	135766.7
260	260	136595.38
261	261	137521.19
262	262	138544.72
263	263	139416.77
264	264	140313.58
265	265	141454.78
266	266	142480.86
267	267	143181.36
268	268	144182.02
269	269	145726.02
270	270	147373.51
271	271	149129.97
272	272	150936.72
273	273	152605.16
274	274	153593.48
275	275	154860.35
276	276	157072.06
277	277	159445.16
278	278	161980.2
279	279	164747.77
280	280	167349.63
281	281	170334.25
282	282	172755.62
283	283	172139.54
284	284	169133.28
285	285	165920.45
286	286	163197.44
287	287	160714.61
288	288	159345.93
289	289	158215.74
290	290	156057.49
291	291	154117.64
292	292	154143.59
293	293	155277.27
294	294	156841.77
295	295	159284.43
296	296	161169.86
297	297	163940.56
298	298	169163.81
299	299	175303.89
300	300	180061.05
301	301	183561.13
302	302	185751.09
303	303	187177.36
304	304	189750.63
305	305	193048.28
306	306	196553.86
307	307	199748.6
308	308	202191.93
309	309	205473.47
310	310	210142.06
311	311	214957.44
312	312	219907
313	313	224613.23
314	314	229476.92
315	315	232600.26
316	316	230837.66
317	317	225932.35
318	318	220740.75
319	319	215791.19
320	320	210978.74
321	321	206317.23
322	322	203399.12
323	323	201049.5
324	324	196950.62
325	325	192185.45
326	326	188080.17
327	327	184572.13
328	328	181115.14
329	329	179562.96
330	330	181430.83
331	331	183511.62
332	332	182102.32
333	333	180598.64
334	334	182625.85
335	335	186330.97
336	336	190254.16
337	337	194381.19
338	338	198312.1
339	339	202755.07
340	340	207164.5
341	341	211390.78
342	342	216354.02
343	343	221467.92
344	344	226535.65
345	345	231593.95
346	346	234278.58
347	347	231899.26
348	348	226838.21
349	349	221668.05
350	350	216562.38
351	351	211608.51
352	352	208117.95
353	353	205242.14
354	354	201451.65
355	355	198102.82
356	356	194617.41
357	357	190508.91
358	358	186604.32
359	359	182913.27
360	360	181045.64
361	361	180958.54
362	362	182731.98
363	363	186402.05
364	364	190271.07
365	365	194326.28
366	366	198556.94
367	367	202953.47
368	368	207506.04
369	369	212205.38
370	370	217044.32
371	371	222023.63
372	372	227143.82
373	373	232390.63
374	374	237728.6
375	375	242872.42
376	376	245105.22
377	377	242212.86
378	378	237098.08
379	379	232002.75
380	380	226762.33
381	381	223489.85
382	382	221870.43
383	383	219992.19
384	384	216610.48
385	385	211789.01
386	386	207101.27
387	387	202555.25
388	388	198159.89
389	389	193923.92
390	390	189855.82
391	391	185964.09
392	392	182257.86
393	393	179389.96
394	394	177121.59
395	395	174618.74
396	396	171999.37
====================

