"nt"	"nds"
1	165769.8318184455
2	163774.11447265183
3	162235.81715128195
4	161225.43569977395
5	160775.30489614033
6	158266.27815612996
7	155916.8565417277
8	154907.8488516366
9	152794.02670987492
10	150710.74979247566
11	150158.5353165121
12	148351.41350301867
13	146661.02276889078
14	145074.72544787297
15	143590.92046901697
16	143190.4456032184
17	142067.45533775387
18	140506.35627777796
19	139261.92208847596
20	138188.9950665241
21	137214.5795259091
22	136335.64838746225
23	135553.11729964655
24	134870.0404370993
25	134291.39603553407
26	133824.23861430498
27	133478.5752616184
28	133269.18156414694
29	133221.06244183736
30	133510.87341037634
31	133975.45035656635
32	134573.59296140517
33	135252.74571005872
34	136546.32508653624
35	138170.08580905426
36	140113.63130012946
37	142081.364777583
38	144574.6663328575
39	144989.5031437192
40	142866.2529747726
41	140459.08539204634
42	139657.93072601184
43	138494.5535923925
44	136876.0677103968
45	135594.71959734778
46	135761.32821065397
47	136588.1640041166
48	137994.74293885488
49	139737.06046142755
50	141797.10502064094
51	144156.31440522763
52	146794.78141660566
53	147675.51420753277
54	149235.40115706128
55	151102.19271850766
56	152851.98552791774
57	154110.93508224847
58	157594.25280302344
59	160871.83375391676
60	164681.88757783966
61	165162.57695545416
62	161834.71693181517
63	158053.13391979778
64	154590.92853240226
65	151527.430986744
66	147388.96459554162
67	144761.67046895841
68	142418.85597713088
69	140379.08792944875
70	138656.54458625638
71	137258.20007854662
72	136834.93875966888
73	136445.96275939237
74	137886.61434808333
75	139657.12305760392
76	141006.8265954025
77	143284.43516889116
78	145537.776383335
79	146884.15411931142
80	149710.73636751194
81	152764.11886733738
82	156287.85724623574
83	161341.55564873698
84	164444.17757445047
85	168303.49866994796
86	172318.33506207133
87	176472.40750274892
88	178929.91296408002
89	180801.6621457164
90	185233.48650296405
91	189780.66597419383
92	194437.8660428069
93	199202.04058044328
94	204070.3050837767
95	208833.47086977784
96	213515.05575100836
97	213440.48807558272
98	208689.96784983785
99	204006.64374649155
100	199142.19004052883
101	194383.06765208967
102	189732.17772288137
103	185194.02783611565
104	180776.07440677844
105	176489.85301702228
106	172341.81701516165
107	168335.3770333914
108	164483.15203252004
109	163731.6490424538
110	162468.7796661839
111	160804.55043344572
112	158897.10448362632
113	156937.36886330615
114	155130.63414904338
115	153676.24314077923
116	152748.35754419595
117	149734.76101932977
118	146943.66130614874
119	145736.30530397533
120	143615.6729261889
121	141351.94888208382
122	139808.27680832928
123	138060.1327037036
124	136625.85455238784
125	136645.87988583284
126	136543.2483335384
127	136330.49905525972
128	136046.98754107155
129	137091.34036101453
130	138330.4256383216
131	139742.01107017527
132	141312.51080130975
133	143037.30144149667
134	144931.56327907962
135	146991.29633993088
136	149189.83910813663
137	151521.5770780715
138	153996.38680425333
139	153649.30376683545
140	156247.9264288525
141	158415.27175670848
142	161820.7683156165
143	163764.1413673481
144	162834.9865080192
145	159798.3462602195
146	156873.82167211076
147	156737.20697088275
148	159210.2337568429
149	156718.7376969157
150	156839.6673302329
151	159602.01136913963
152	162502.5859642623
153	165519.5435492432
154	168642.00527868196
155	171867.19272381917
156	173571.16408489092
157	175894.51712444634
158	178354.32990665268
159	180492.96538171204
160	181964.12803208662
161	182578.76016574784
162	186194.16093704582
163	189902.56913578176
164	193421.43958179327
165	197317.2714568552
166	199325.5784858415
167	203325.31661824993
168	207409.61051298687
169	211576.97912351598
170	215829.50935978032
171	220172.25910868088
172	224613.4998450736
173	229159.7712186185
174	233842.64592833276
175	238653.43594331696
176	243569.36509296758
177	248586.6889347204
178	253191.32059601153
179	259110.37979191114
180	262704.8145715317
181	268035.31239562057
182	273446.1950148378
183	278935.532041464
184	282640.1957894398
185	288310.1444305815
186	293709.2288386064
187	296854.3388214847
188	296647.90690567694
189	293166.101913752
190	287634.6537112634
191	282089.8364060308
192	278728.4077275599
193	273235.2590357115
194	267819.05415703694
195	262480.9523316277
196	259784.02630849756
197	255507.5828183163
198	251116.59689913358
199	248299.6830150712
200	243272.93266983275
201	238350.00579781612
202	233547.30224653322
203	237622.17641193542
204	240291.44607866852
205	241025.8189806738
206	239657.53985514844
207	236439.25038787498
208	232028.9478917199
209	227383.7256392436
210	223571.97305043184
211	221528.9099074929
212	221793.65705097365
213	224318.74784765285
214	228455.86685919575
215	223900.06320165444
216	219464.4137205995
217	215130.0566663283
218	210884.2829666808
219	206721.43755968098
220	202639.61691720606
221	198641.43698212097
222	195661.06939617897
223	191748.06717451374
224	189221.85292642837
225	185516.98787347742
226	181908.45760407663
227	178565.2012475051
228	174036.70282221996
229	171284.1888277171
230	168058.06167383242
231	164940.5793434487
232	161933.34275887936
233	159045.5319218022
234	156291.76082548714
235	153671.0749284641
236	151188.40178255935
237	148844.6404696592
238	146634.16890785753
239	144555.877927615
240	144178.15875643317
241	143674.52030397728
242	143119.42898975793
243	142618.15240847218
244	140906.27092683714
245	139341.57199103216
246	137933.90346817978
247	136697.75739687326
248	135654.02189288358
249	135030.06210063066
250	134281.24050368863
251	133522.94085347228
252	133108.8989275195
253	133142.50927930351
254	133336.38100685112
255	133669.40320548153
256	134126.89491654382
257	134698.48278559966
258	135376.81233938158
259	136156.57925501143
260	137034.17534223598
261	138008.2121195964
262	139081.23155099343
263	139752.30305096813
264	140874.8538981771
265	142034.69830784408
266	142927.02781088304
267	143435.69682873692
268	144928.34689114874
269	146523.69000634065
270	148223.3257731985
271	150036.61584794184
272	151836.81605609544
273	153373.5053854574
274	153813.44732263027
275	155907.24358354852
276	158236.880467689
277	160653.4491814799
278	163306.94652943886
279	166188.59443697523
280	168510.6594058015
281	172157.84947129924
282	173353.39873126324
283	170925.68656463403
284	167340.86613319264
285	164500.03986877872
286	161894.83661961736
287	159534.3769269881
288	159157.47945224866
289	157274.0033825831
290	154840.97762239302
291	153394.3122502756
292	154892.86919671067
293	155661.68067567915
294	158021.86031890224
295	160547.00018438773
296	161792.71594367598
297	166088.41218072432
298	172239.20616359718
299	178368.56499356186
300	181753.52528874166
301	185368.73281808352
302	186133.44430918232
303	188221.28079417304
304	191279.98382616095
305	194816.582402832
306	198291.13958741783
307	201206.0604109733
308	203177.79664435872
309	207769.13385091597
310	212514.97962987734
311	217399.90791860563
312	222414.0960661051
313	226812.36815008958
314	232141.48102899845
315	233059.03266103007
316	228616.2930602503
317	223248.4037835299
318	218233.08733365775
319	213349.29283602035
320	208608.17725765888
321	204026.27856105464
322	202771.95334272803
323	199327.0395845488
324	194574.19848595385
325	189796.69969025007
326	186363.63527390818
327	182780.6319560357
328	179449.6483049883
329	179676.27133156042
330	183185.39748751686
331	183837.83523810885
332	180366.79978908208
333	180830.48024567528
334	184421.21998148158
335	188240.72281101707
336	192267.58844377316
337	196494.7883768848
338	200129.41641555578
339	205380.7192919113
340	208948.27445288503
341	213833.28143470243
342	218874.76191050126
343	224061.0832556476
344	229010.20968147184
345	234177.69148995166
346	234379.45863637445
347	229419.0638173022
348	224257.34773288344
349	219078.7474197996
350	214046.02007291088
351	209170.99294234425
352	207064.9164061334
353	203419.36150846278
354	199483.9293691187
355	196721.70527627552
356	192513.10487069664
357	188504.71501593693
358	184703.93224146805
359	181122.61508724326
360	180968.6645153453
361	180948.4058193308
362	184515.56372861602
363	188288.54123928607
364	192253.60867652265
365	196398.94916091
366	200714.9316954311
367	205192.003020375
368	209820.08502372008
369	214590.6834756727
370	219497.9599445307
371	224549.30674573377
372	229738.3411451849
373	235042.91253572755
374	240414.27970926467
375	245330.55272408624
376	244879.89500017918
377	239545.82981997082
378	234650.32194563662
379	229355.17563644613
380	224169.48955564285
381	222810.2008921702
382	220930.65015484064
383	219053.72354791898
384	214167.23980098573
385	209410.77754047976
386	204791.75927742955
387	200318.73645130557
388	196001.0354122673
389	191846.8076605156
390	187864.82317541362
391	184063.36275643803
392	180452.3577802506
393	178327.5596311647
394	175915.61911617598
395	173321.85408400584
396	170676.88101316046
