Gaussian Denoiser Window Size: 2
Predicted sites number: 20
Predicted nucleotides number: 26

Site#1:
24
Site#2:
34
Site#3:
41
Site#4:
56
Site#5:
68
Site#6:
92
Site#7:
123
Site#8:
139
Site#9:
142
143
145
Site#10:
183
Site#11:
198
200
Site#12:
207
209
Site#13:
248
Site#14:
277
Site#15:
287
Site#16:
310
Site#17:
324
326
328
Site#18:
341
Site#19:
356
Site#20:
371

extremaRank	extremaLoc	extremaNt	extremaNDS_gd
1	248	248	129404.85
2	24	24	129529.01
3	41	41	131840.14
4	123	123	132085.8
5	68	68	132593.23
6	34	34	140759.06
7	287	287	151558.52
8	145	145	151910.66
9	142	142	151917.64
10	143	143	153058.33
11	139	139	158232.96
12	56	56	160499.08
13	277	277	170806.56
14	324	324	174158.25
15	356	356	174924.94
16	328	328	174983.25
17	326	326	177950.81
18	92	92	208145.71
19	207	207	215413.65
20	209	209	220015.45
21	310	310	226908.33
22	341	341	227549.96
23	198	198	229053.23
24	200	200	234070.39
25	371	371	237017.53
26	183	183	289216.31

Gaussian Denoised Signal:
1	1	158307.51
2	2	157960.92
3	3	156359.36
4	4	153927.69
5	5	151409.44
6	6	148917.02
7	7	146827.82
8	8	145005.3
9	9	143287.48
10	10	141670.73
11	11	140664.24
12	12	139835.76
13	13	138405.69
14	14	136929.99
15	15	135702.03
16	16	134597.12
17	17	133589.89
18	18	132679.42
19	19	131867.87
20	20	131159.41
21	21	130560.22
22	22	130079.08
23	23	129728.59
24	24	129529.01
25	25	129610.75
26	26	129970.5
27	27	130468.31
28	28	131061.67
29	29	132013.33
30	30	133450.38
31	31	135208.99
32	32	137149.47
33	33	139352.09
34	34	140759.06
35	35	139887.5
36	36	137650.38
37	37	136071.63
38	38	135101.64
39	39	133732.88
40	40	132303.75
41	41	131840.14
42	42	132284.45
43	43	133253.12
44	44	134802.91
45	45	136676.18
46	46	138854.38
47	47	141318.54
48	48	143062.29
49	49	144278.86
50	50	145973.67
51	51	147753.38
52	52	149226.09
53	53	151559.09
54	54	154904.78
55	55	158404.11
56	56	160499.08
57	57	159071.02
58	58	155561.61
59	59	151993.35
60	60	148761
61	61	145206.36
62	62	141878.69
63	63	139426.73
64	64	137265.05
65	65	135410.05
66	66	133872.96
67	67	132982.05
68	68	132593.23
69	69	133106.35
70	70	134668.57
71	71	136201.95
72	72	137990.74
73	73	140208.65
74	74	141957.79
75	75	143994.15
76	76	146879.69
77	77	150122.25
78	78	154349.05
79	79	158346.1
80	80	161758.37
81	81	165632.06
82	82	169651.84
83	83	172908.05
84	84	175039.38
85	85	178141.18
86	86	182562.67
87	87	187096.08
88	88	191737.11
89	89	196482.53
90	90	201233.02
91	91	205887.86
92	92	208145.71
93	93	205756.19
94	94	201107.43
95	95	196406.45
96	96	191665.27
97	97	187029.85
98	98	182503.98
99	99	178093.46
100	100	173807.74
101	101	169656.07
102	102	165642.94
103	103	161776.31
104	104	159507.72
105	105	158510.09
106	106	157065.53
107	107	155306.04
108	108	153403.89
109	109	151554.31
110	110	149956.19
111	111	148793.27
112	112	146862.42
113	113	144013.43
114	114	142044.47
115	115	140402.91
116	116	138255.2
117	117	136402.97
118	118	134804.06
119	119	133255.31
120	120	132561.57
121	121	132506.6
122	122	132338.46
123	123	132085.8
124	124	132436.15
125	125	133517.14
126	126	134779.23
127	127	136204.81
128	128	137785.1
129	129	139525.43
130	130	141431.48
131	131	143488.24
132	132	145679.88
133	133	148008.75
134	134	149033.53
135	135	150106.57
136	136	152402.77
137	137	155110.17
138	138	157723.58
139	139	158232.96
140	140	156313.18
141	141	153410.16
142	142	151917.64
143	143	153058.33
144	144	153055.58
145	145	151910.66
146	146	153317.46
147	147	156073.14
148	148	158955.08
149	149	161947.11
150	150	165042.52
151	151	167446.19
152	152	169410.81
153	153	171746.44
154	154	173992.66
155	155	175756.74
156	156	176777.73
157	157	178847.07
158	158	182428.46
159	159	185962.23
160	160	189588.95
161	161	192480.9
162	162	195425.04
163	163	199384.97
164	164	203428.55
165	165	207556.02
166	166	211770.85
167	167	216079.75
168	168	220490.14
169	169	225021.08
170	170	229683.28
171	171	234461.44
172	172	239342.88
173	173	244066.53
174	174	249234.78
175	175	253919.07
176	176	258315.09
177	177	263599.67
178	178	268963.55
179	179	273482.34
180	180	278088.45
181	181	283537.99
182	182	287753.82
183	183	289216.31
184	184	287417.29
185	185	282990.97
186	186	277538.11
187	187	273142.21
188	188	268775.72
189	189	263407.46
190	190	258116.66
191	191	254171.41
192	192	250752.12
193	193	246490.11
194	194	242935.98
195	195	239073.3
196	196	234184.01
197	197	229406.54
198	198	229053.23
199	199	232378.4
200	200	234070.39
201	201	233782.47
202	202	231551.15
203	203	227818.25
204	204	223372.8
205	205	219208.69
206	206	216312.56
207	207	215413.65
208	208	216759.79
209	209	220015.45
210	210	219805.67
211	211	215393.34
212	212	211091.5
213	213	206884.21
214	214	202762.43
215	215	198722.64
216	216	194764.91
217	217	191352.98
218	218	187984.04
219	219	184827.57
220	220	181774.05
221	221	178197.87
222	222	174808.01
223	223	170970.95
224	224	167408.22
225	225	164483.07
226	226	161389.62
227	227	158404.76
228	228	155534.01
229	229	152789.08
230	230	150177.06
231	231	147700.52
232	232	145362.01
233	233	143158.56
234	234	141086.65
235	235	139902.53
236	236	139479.4
237	237	138969.61
238	238	138459.57
239	239	137395.47
240	240	135824.89
241	241	134404.56
242	242	133146.52
243	243	132068.25
244	244	131301.21
245	245	130700.53
246	246	130043.03
247	247	129531.96
248	248	129404.85
249	249	129589.56
250	250	129925.91
251	251	130395.75
252	252	130986.32
253	253	131688.59
254	254	132496.02
255	255	133403.97
256	256	134409.83
257	257	135513.98
258	258	136441.44
259	259	137382.05
260	260	138588.14
261	261	139684.75
262	262	140443.35
263	263	141507.57
264	264	143130.22
265	265	144853.04
266	266	146678.94
267	267	148544.91
268	268	150269.27
269	269	151306.09
270	270	152619.15
271	271	154875.11
272	272	157289.2
273	273	159871.91
274	274	162686.86
275	275	165335.04
276	276	168363.98
277	277	170806.56
278	278	170166.39
279	279	167114.59
280	280	163856.14
281	281	161086.12
282	282	158556.85
283	283	157150.16
284	284	155983.1
285	285	153781.28
286	286	151792.18
287	287	151558.52
288	288	152316.04
289	289	153735.15
290	290	156173.53
291	291	157911.1
292	292	160201.84
293	293	164734.17
294	294	170295.42
295	295	174820.17
296	296	178300.72
297	297	180530.42
298	298	182040.31
299	299	184658.29
300	300	187954.09
301	301	191412.35
302	302	194523.14
303	303	196859.9
304	304	200066.89
305	305	204698.93
306	306	209475.39
307	307	214383.74
308	308	219084.4
309	309	223908.31
310	310	226908.33
311	311	225065.84
312	312	220204.77
313	313	215089.75
314	314	210179.89
315	315	205404.87
316	316	200778.45
317	317	197818.21
318	318	195383.56
319	319	191272.99
320	320	186573.73
321	321	182596.32
322	322	179174.34
323	323	175736.44
324	324	174158.25
325	325	175965.51
326	326	177950.81
327	327	176496.8
328	328	174983.25
329	329	176932.61
330	330	180551.59
331	331	184387.88
332	332	188427.77
333	333	192335.49
334	334	196747.29
335	335	201017.13
336	336	205111.51
337	337	209986.87
338	338	215012.68
339	339	220030.84
340	340	225008.38
341	341	227549.96
342	342	225110.82
343	343	220134.48
344	344	215084.6
345	345	210065.34
346	346	205197.24
347	347	201724.83
348	348	198840.22
349	349	195118.84
350	350	191895.78
351	351	188526.01
352	352	184503.79
353	353	180685.62
354	354	177081.67
355	355	175149.82
356	356	174924.94
357	357	176592.81
358	358	180111.31
359	359	183829.03
360	360	187734.08
361	361	191816.61
362	362	196066.93
363	363	200475.29
364	364	205032.21
365	365	209730.61
366	366	214571.95
367	367	219556.78
368	368	224670.42
369	369	229913.72
370	370	234937.56
371	371	237017.53
372	372	234093.71
373	373	229102.32
374	374	224165.65
375	375	219056.37
376	376	215856.32
377	377	214266.89
378	378	212450.1
379	379	209175.22
380	380	204492.47
381	381	199945.4
382	382	195542.47
383	383	191292.66
384	384	187204.64
385	385	183287.3
386	386	179549.21
387	387	175999.04
388	388	172478.32
389	389	168752.29
390	390	164996.14
====================

