"nt"	"nds"
1	158307.50768295088
2	157614.3367875404
3	155104.37703213
4	152750.9966527834
5	150067.88640480698
6	147766.15228503072
7	145889.48414189275
8	144121.1211595173
9	142453.83227135547
10	140887.63533641185
11	140440.8528289552
12	139230.6592020667
13	137580.710939592
14	136279.26013123072
15	135124.8011065764
16	134069.4376909943
17	133110.35000041162
18	132248.4895742678
19	131487.24115351736
20	130831.57352814914
21	130288.8697933092
22	129869.28032852904
23	129587.89964164465
24	129470.1232406352
25	129751.38521411312
26	130189.6127848272
27	130747.00637986757
28	131376.3298775513
29	132650.32885747176
30	134250.42232858227
31	136167.5549570647
32	138131.38505329815
33	140572.79960776042
34	140945.31172324144
35	138829.69762898347
36	136471.0583816499
37	135672.19332086595
38	134531.0915271898
39	132934.67197423265
40	131672.82833929764
41	132007.45824155828
42	132561.43268364182
43	133944.81492018927
44	135661.00887122075
45	137691.3474237057
46	140017.41686658637
47	142619.6673210284
48	143504.9058697957
49	145052.81546576667
50	146894.5151460951
51	148612.24288896052
52	149839.9430479787
53	153278.2356160167
54	156531.31910900446
55	160276.90263307982
56	160721.26312539456
57	157420.785363994
58	153702.4346099613
59	150284.25918997478
60	147237.7438361582
61	143174.97556261183
62	140582.40239203128
63	138271.0585393069
64	136259.03801849767
65	134561.05360264238
66	133184.85916434193
67	132779.24502198785
68	132407.2158391208
69	133805.47711129265
70	135531.6609672879
71	136872.2419826161
72	139109.2468803302
73	141308.0584583265
74	142607.5290014942
75	145380.77391250746
76	148378.60131278922
77	151865.897363532
78	156832.19756504233
79	159860.00120845213
80	163656.7331320816
81	167607.37694757877
82	171696.30003733898
83	174119.80897503073
84	175958.9600096412
85	180323.4026681235
86	184801.93195364263
87	189390.22433880906
88	194084.00014040904
89	198881.05194452027
90	203584.98182247
91	208190.73298792582
92	208100.68474581031
93	203411.70064999748
94	198803.1582376698
95	194009.74305836557
96	189320.8001819328
97	184738.89255976983
98	180269.07175774858
99	175917.83836014898
100	171697.63417777987
101	167614.50125387893
102	163671.3703767735
103	159881.24550534657
104	159134.19757818087
105	157885.9804351724
106	156245.07215053184
107	154367.01288230767
108	152440.7699728801
109	150667.85042691423
110	149244.53906293193
111	148341.9928831527
112	145382.85437463166
113	142644.0040570638
114	141444.9395750137
115	139360.88847709287
116	137149.51077453513
117	135656.4350710501
118	133951.68011792772
119	132558.9483742426
120	132564.18214259227
121	132449.021207477
122	132227.89943867968
123	131943.69080227686
124	132928.60444680197
125	134105.67800263813
126	135452.78462711044
127	136956.83126165438
128	138613.37837710502
129	140437.47431073495
130	142425.48754952816
131	144550.9885595608
132	146808.7667166392
133	149208.72796653555
134	148858.3351416782
135	151354.79847743476
136	153450.73529816163
137	156769.60053497946
138	158677.5656375149
139	157788.3539687141
140	154838.01240008158
141	151982.30897001538
142	151852.96812364826
143	154263.69628342486
144	151847.47012064967
145	151973.84201880748
146	154661.08461872124
147	157485.20495439606
148	160424.96414233925
149	163469.24637638647
150	166615.79549995816
151	168276.5846445487
152	170545.04232082784
153	172947.83041174032
154	175037.49764191464
155	176475.97516067233
156	177079.47671143187
157	180614.66963478745
158	184242.25441870614
159	187682.20020475032
160	191495.70025888487
161	193466.09758535057
162	197383.9760139736
163	201385.96776736862
164	205471.1222988611
165	209640.92347097598
166	213900.7813879818
167	218258.7212044278
168	222721.55039645036
169	227320.60651074737
170	232045.96287548819
171	236876.90843796582
172	241808.85916344717
173	246324.2075547524
174	252145.36100867254
175	255692.78506305104
176	260937.39966991384
177	266261.93531402637
178	271665.1698869185
179	275299.5126396291
180	280877.3910351111
181	286198.59501347516
182	289309.0485444673
183	289123.58008941804
184	285710.99729156937
185	280270.941728399
186	274805.2708675324
187	271479.14674278506
188	266072.2903852239
189	260742.63187587127
190	255490.6906950433
191	252852.1311147262
192	248652.101077359
193	244328.11601965054
194	241543.84748400195
195	236602.76045873945
196	231765.26357452938
197	227047.82241153414
198	231058.63425474413
199	233698.16953380557
200	234442.61108275407
201	233122.32790713588
202	229979.96711913374
203	225656.53412173328
204	221089.06103257954
205	217328.32348599634
206	215296.79936084207
207	215530.5073367001
208	217989.0764632204
209	222041.81957748983
210	217569.52321059696
211	213217.15153465807
212	208965.83880646952
213	204802.58654623688
214	200722.2821304537
215	196723.00117814474
216	192806.81140410693
217	189899.1575915624
218	186068.92461807304
219	183586.2103623256
220	179961.88674243237
221	176433.84441616092
222	173182.18101389482
223	168759.70914920772
224	166056.7357071171
225	162909.40533350228
226	159869.831438681
227	156939.682425779
228	154128.34710423878
229	151449.80605897057
230	148904.3117801513
231	146496.7284174204
232	144227.28438546858
233	142089.84506093603
234	140083.46053962255
235	139721.59142954365
236	139237.21683918673
237	138702.01079390457
238	138217.12826365203
239	136573.8037101076
240	135075.96865442634
241	133733.14136014832
242	132559.9049639579
243	131576.5865418257
244	131025.83022009199
245	130375.22082011102
246	129710.83070810638
247	129353.08130432406
248	129456.62826827964
249	129722.49375634726
250	130129.31952510071
251	130662.17166776324
252	131310.46568185437
253	132066.71116648935
254	132925.31943680602
255	133882.61564096317
256	134937.0505123298
257	136090.90392386983
258	136791.97078862923
259	137972.12489795903
260	139204.16256654606
261	140165.34401932443
262	140721.34985666277
263	142293.7887281028
264	143966.65649666337
265	145739.43202366796
266	147618.4505920022
267	149471.36921691563
268	151067.17063842106
269	151545.0180755395
270	153693.2806657766
271	156056.93381962838
272	158521.46648455702
273	161222.3531686249
274	164151.36635082352
275	166518.70972714704
276	170209.25386456144
277	171403.86328243205
278	168928.9125642159
279	165300.25976494548
280	162412.01811261362
281	159760.21708302945
282	157353.4920712641
283	156946.82887690407
284	155019.3787935289
285	152543.17527219103
286	151041.19059114432
287	152075.84997724046
288	152556.22593676747
289	154914.08204981268
290	157432.96945697797
291	158389.23440970376
292	162014.4528700727
293	167453.88147996127
294	173136.95841069432
295	176503.37891535615
296	180098.06475164756
297	180962.77892536082
298	183117.8334752225
299	186198.75462216933
300	189709.4311174288
301	193115.2613041779
302	195931.02718307113
303	197788.78097359382
304	202344.99344844942
305	207052.86873622527
306	211897.90878535082
307	216869.5782409913
308	221299.21212420615
309	226517.39896050072
310	227299.26214744835
311	222832.4193102101
312	217577.12341312508
313	212602.37679146725
314	207757.39536695782
315	203052.3520984786
316	198504.54963302324
317	197131.86049261334
318	193635.2579333684
319	188910.73106310403
320	184236.7231772376
321	180955.9106659975
322	177392.76078423476
323	174080.11266475002
324	174236.3962561937
325	177694.61412607555
326	178207.01040971608
327	174786.5941634044
328	175179.91494165556
329	178685.29898007977
330	182417.8716915904
331	186357.8850522387
332	190497.64815376914
333	194173.34023436316
334	199321.23479139927
335	202713.02096345776
336	207510.00308804392
337	212463.73202678724
338	217561.63028331366
339	222500.0446606712
340	227516.71753861205
341	227583.21067141113
342	222638.4270573822
343	217630.52399913623
344	212538.66740196166
345	207592.01402880397
346	202802.46547886002
347	200647.19703117822
348	197033.2436235128
349	193204.44386144436
350	190587.10992636872
351	186464.903286067
352	182542.6697028003
353	178828.57286282326
354	175334.77479659964
355	174964.86086568082
356	174885.0194919901
357	178300.59996294897
358	181922.02342251
359	185736.02991727498
360	189732.1292773547
361	193901.09311553024
362	198232.76082227213
363	202717.81767431123
364	207346.59943026162
365	212114.61753946575
366	217029.28686822645
367	222084.27297940257
368	227256.57662093252
369	232570.85899236694
370	237304.26818168393
371	236730.800300051
372	231456.62616169584
373	226748.0173227144
374	221583.27271999486
375	216529.46648672194
376	215183.16579407596
377	213350.62172740884
378	211549.57564817142
379	206800.86920794894
380	202184.075057828
381	197706.72047608194
382	193378.22183662426
383	189207.10242610885
384	185202.1833165634
385	181372.41252880523
386	177726.01089303926
387	174272.0698921351
388	170684.5706843675
389	166820.00599857204
390	163172.27050173224
