Gaussian Denoiser Window Size: 2
Predicted sites number: 20
Predicted nucleotides number: 26

Site#1:
27
Site#2:
37
Site#3:
44
Site#4:
59
Site#5:
71
Site#6:
95
Site#7:
126
Site#8:
142
Site#9:
145
146
148
Site#10:
186
Site#11:
201
203
Site#12:
210
212
Site#13:
251
Site#14:
280
Site#15:
290
Site#16:
313
Site#17:
327
329
331
Site#18:
344
Site#19:
359
Site#20:
374

extremaRank	extremaLoc	extremaNt	extremaNDS_gd
1	251	251	131395.86
2	27	27	131518.69
3	44	44	133844.09
4	126	126	134271.85
5	71	71	134756.36
6	37	37	142906.38
7	290	290	152827.01
8	148	148	154470.5
9	145	145	154489.49
10	146	146	155643.02
11	142	142	160895.23
12	59	59	162848.35
13	280	280	171798.03
14	327	327	177123.02
15	331	331	178040.92
16	359	359	178208.97
17	329	329	180989.1
18	95	95	210951.83
19	210	210	218644.45
20	212	212	223310.21
21	313	313	230042.22
22	344	344	231171
23	201	201	232426.82
24	203	203	237469.31
25	374	374	241279.09
26	186	186	293088.21

Gaussian Denoised Signal:
1	1	164293.74
2	2	163178.29
3	3	161206.67
4	4	159799.93
5	5	159024.51
6	6	157561.84
7	7	155166.79
8	8	152697.11
9	9	150232.5
10	10	148162.27
11	11	146380.75
12	12	144704.49
13	13	143129.53
14	14	142157.07
15	15	141363.91
16	16	139978.01
17	17	138537.53
18	18	137343.38
19	19	136279.37
20	20	135312.65
21	21	134442.24
22	22	133670.26
23	23	133000.77
24	24	132439.91
25	25	131996.33
26	26	131682.55
27	27	131518.69
28	28	131620.42
29	29	131989.3
30	30	132504.12
31	31	133120.19
32	32	134089.58
33	33	135538.25
34	34	137310.17
35	35	139258.51
36	36	141475.27
37	37	142906.38
38	38	142044.06
39	39	139792.74
40	40	138201.04
41	41	137224.7
42	42	135844.03
43	43	134403.13
44	44	133844.09
45	45	134318.21
46	46	135412.11
47	47	136973.94
48	48	138860.81
49	49	141054.55
50	50	143535.96
51	51	145287.42
52	52	146505.56
53	53	148209.4
54	54	150003.36
55	55	151492.1
56	56	153844.08
57	57	157206.54
58	58	160727.88
59	59	162848.35
60	60	161423
61	61	157891.19
62	62	154296.37
63	63	151049.29
64	64	147471.66
65	65	144116.43
66	66	141648.11
67	67	139471.74
68	68	137603.75
69	69	136054.9
70	70	135153.91
71	71	134756.36
72	72	135276.05
73	73	136860.33
74	74	138407.28
75	75	140208.68
76	76	142450.44
77	77	144224.92
78	78	146286.41
79	79	149199.26
80	80	152464.91
81	81	156722.69
82	82	160760.28
83	83	164206.89
84	84	168112.21
85	85	172164.38
86	86	175445.28
87	87	177593.21
88	88	180719.99
89	89	185175.38
90	90	189743.12
91	91	194418.92
92	92	199199.66
93	93	203982.46
94	94	208670.91
95	95	210951.83
96	96	208551.05
97	97	203868.2
98	98	199130.84
99	99	194354.41
100	100	189684.3
101	101	185124.22
102	102	180679.95
103	103	176361.06
104	104	172176.74
105	105	168131.61
106	106	164233.54
107	107	161948.29
108	108	160945.79
109	109	159491.6
110	110	157718.94
111	111	155801.05
112	112	153934.6
113	113	152320.26
114	114	151143.39
115	115	149192.66
116	116	146316.84
117	117	144332.5
118	118	142679.29
119	119	140509.08
120	120	138631.19
121	121	137008.64
122	122	135438.02
123	123	134736.77
124	124	134687.68
125	125	134523.58
126	126	134271.85
127	127	134636.17
128	128	135746.73
129	129	137039.62
130	130	138497.15
131	131	140110.32
132	132	141884.42
133	133	143825.14
134	134	145917.29
135	135	148144.9
136	136	150510.23
137	137	151555.26
138	138	152656.58
139	139	154997.54
140	140	157745.02
141	141	160388.35
142	142	160895.23
143	143	158942.87
144	144	156001.11
145	145	154489.49
146	146	155643.02
147	147	155636.21
148	148	154470.5
149	149	155893.87
150	150	158686.53
151	151	161606.05
152	152	164636.11
153	153	167769.93
154	154	170203.96
155	155	172193.49
156	156	174556.98
157	157	176829.11
158	158	178612.79
159	159	179643.69
160	160	181734.83
161	161	185355.74
162	162	188929.31
163	163	192596.13
164	164	195516.95
165	165	198489.94
166	166	202490.32
167	167	206574.35
168	168	210742.25
169	169	214997.92
170	170	219347.83
171	171	223799.22
172	172	228371.39
173	173	233075.48
174	174	237895.67
175	175	242819.22
176	176	247586.86
177	177	252802
178	178	257521.6
179	179	261950.01
180	180	267277.22
181	181	272683.79
182	182	277241.94
183	183	281889.21
184	184	287380.75
185	185	291623.58
186	186	293088.21
187	187	291265.5
188	188	286798.59
189	189	281303.55
190	190	276880.14
191	191	272483.96
192	192	267072.9
193	193	261739.32
194	194	257757.64
195	195	254304.1
196	196	250006.6
197	197	246428.6
198	198	242537.13
199	199	237605.47
200	200	232785.72
201	201	232426.82
202	202	235774.09
203	203	237469.31
204	204	237165.32
205	205	234901.96
206	206	231128.05
207	207	226641.92
208	208	222446.77
209	209	219536.78
210	210	218644.45
211	211	220016.24
212	212	223310.21
213	213	223101.04
214	214	218647.7
215	215	214304.81
216	216	210056.75
217	217	205894.51
218	218	201814.13
219	219	197815.92
220	220	194365.45
221	221	190957.72
222	222	187770.8
223	223	184687.54
224	224	181071.84
225	225	177638.8
226	226	173752.37
227	227	170152.51
228	228	167196.9
229	229	164064.97
230	230	161042.2
231	231	158133.99
232	232	155351.89
233	233	152703.07
234	234	150189.78
235	235	147814.76
236	236	145575.33
237	237	143467.92
238	238	142262.17
239	239	141830.26
240	240	141310.83
241	241	140792.1
242	242	139707.49
243	243	138103.85
244	244	136651.36
245	245	135362.18
246	246	134253.84
247	247	133452.71
248	248	132807.68
249	249	132101.91
250	250	131554.13
251	251	131395.86
252	252	131544.63
253	253	131844.15
254	254	132276.36
255	255	132828.59
256	256	133491.9
257	257	134259.78
258	258	135127.69
259	259	136093.12
260	260	137156.48
261	261	138054.55
262	262	138970.57
263	263	140142.33
264	264	141203.43
265	265	141934.76
266	266	142967.84
267	267	144549.12
268	268	146231
269	269	148016.75
270	270	149843.88
271	271	151529.16
272	272	152533.89
273	273	153816.54
274	274	156041.45
275	275	158426.33
276	276	160976.01
277	277	163758.03
278	278	166375.43
279	279	169373.77
280	280	171798.03
281	281	171170.95
282	282	168150.79
283	283	164925.47
284	284	162188.5
285	285	159691.81
286	286	158310.83
287	287	157168.93
288	288	154998
289	289	153042.79
290	290	152827.01
291	291	153581.67
292	292	154981.82
293	293	157388.81
294	294	159264.81
295	295	161992.97
296	296	167080.57
297	297	173047.4
298	298	177712.43
299	299	181204.82
300	300	183418.05
301	301	184890.17
302	302	187488.83
303	303	190787.29
304	304	194269.43
305	305	197421.22
306	306	199809.4
307	307	203053.14
308	308	207704.79
309	309	212501.97
310	310	217432.07
311	311	222137.5
312	312	226982.46
313	313	230042.22
314	314	228236.66
315	315	223352.36
316	316	218198.68
317	317	213267.58
318	318	208472.36
319	319	203826.83
320	320	200884.16
321	321	198486.79
322	322	194377.88
323	323	189644.24
324	324	185605.32
325	325	182141.34
326	326	178691.43
327	327	177123.02
328	328	178959.15
329	329	180989.1
330	330	179552.74
331	331	178040.92
332	332	180027.31
333	333	183690.28
334	334	187571.33
335	335	191655.89
336	336	195578.42
337	337	200009.18
338	338	204347.36
339	339	208506.09
340	340	213426.48
341	341	218497.39
342	342	223542.41
343	343	228561.08
344	344	231171
345	345	228757.81
346	346	223738.26
347	347	218628.49
348	348	213564.89
349	349	208652.71
350	350	205168.4
351	351	202284.59
352	352	198527.31
353	353	195243.12
354	354	191816.57
355	355	187749.7
356	356	183886.48
357	357	180236.9
358	358	178371.6
359	359	178208.97
360	360	179886.59
361	361	183479.47
362	362	187271.92
363	363	191251.55
364	364	195407.88
365	365	199731.16
366	366	204211.45
367	367	208839.43
368	368	213608
369	369	218518.21
370	370	223570.64
371	371	228750.78
372	372	234042.74
373	373	239126.64
374	374	241279.09
375	375	238366.99
376	376	233314.11
377	377	228299.52
378	378	223124.63
379	379	219887.82
380	380	218282.82
381	381	216435.7
382	382	213107.96
383	383	208355.82
384	384	203738.07
385	385	199263.48
386	386	194940.78
387	387	190778.7
388	388	186785.83
389	389	182970.83
390	390	179342.69
391	391	176387.38
392	392	173861
393	393	171112.07
====================

