"nt"	"nds"
1	157622.72714182248
2	155112.7680050639
3	152757.55902870343
4	150071.6554854464
5	147771.76063890828
6	145894.26554839764
7	144125.31257994528
8	142457.48192489307
9	140890.92068559266
10	140443.06778915695
11	139232.27624028167
12	137582.4771824455
13	136281.68207880406
14	135127.10067976965
15	134071.61935876927
16	133112.41338341756
17	132250.54168079307
18	131489.2688749785
19	130833.6273283947
20	130291.03333823344
21	129871.66401046573
22	129590.6209218375
23	129473.51733576223
24	129753.77341410278
25	130191.02255340733
26	130747.55914721254
27	131376.2714649377
28	132650.41304813008
29	134251.36023307647
30	136168.9692479082
31	138132.26029602412
32	140574.4623777399
33	140948.37772998383
34	138833.8723936645
35	136474.31740160973
36	135675.9387865272
37	134534.13760692073
38	132936.6852390312
39	131672.67831888323
40	131816.84953965744
41	132576.32008930715
42	133957.97517801335
43	135672.40267078843
44	137701.4573678052
45	140026.71698877236
46	142628.2615199452
47	143512.5868883224
48	145059.81103789277
49	146901.28376458416
50	148619.3222111918
51	149847.40870693838
52	153285.01743745245
53	156537.13152209905
54	160283.0673657321
55	160728.55323880378
56	157428.91209046007
57	153710.13474404044
58	150292.84246899994
59	147247.63875103186
60	143184.99022993032
61	140593.16241244227
62	138282.75867912325
63	136272.03696818225
64	134575.34205340012
65	133199.84487344933
66	132794.23929919518
67	132421.98555824408
68	133820.42632591375
69	135546.30177430192
70	136885.91854465878
71	139122.15898618835
72	141320.90138239186
73	142620.7395509413
74	145393.719413465
75	148391.35125138043
76	151877.71948799165
77	156843.5502834322
78	159871.81536705355
79	163668.31920002782
80	167619.01332834462
81	171707.78717416528
82	174130.68129417254
83	175970.33560760785
84	180334.3796011681
85	184812.80680897165
86	189400.6508414331
87	194094.64967423218
88	198891.62591874253
89	203595.047723689
90	208200.78665238945
91	208111.562638837
92	203422.5412176876
93	198814.24937024133
94	194020.64502287732
95	189331.80918666619
96	184750.32117840726
97	180280.357674578
98	175929.55206806734
99	171709.53025570055
100	167626.5794775329
101	163683.66667146637
102	159893.52639782507
103	159147.00642717342
104	157899.0542217849
105	156258.2849494615
106	154380.785749965
107	152454.39085527568
108	150681.66493562338
109	149258.19260790118
110	148355.51378711266
111	145396.5923892092
112	142657.995774958
113	141459.51227041482
114	139375.88368297459
115	137164.65717455593
116	135671.4186093041
117	133966.67321226918
118	132573.49229072922
119	132578.42590883657
120	132462.9616970021
121	132241.3268798185
122	131956.55318971808
123	132942.0142433356
124	134119.34551900413
125	135466.75453311653
126	136971.1479345202
127	138627.7522441705
128	140452.1730890816
129	142440.340878119
130	144565.9051225388
131	146823.86300866088
132	149223.91980656446
133	148873.76325323994
134	151370.5045658313
135	153466.4266086052
136	156785.4651775881
137	158693.30970487275
138	157804.09287247396
139	154853.68779511494
140	151997.91938530747
141	151868.36360401288
142	154279.0575091551
143	151862.79107564906
144	151989.19829247333
145	154676.43720035604
146	157500.61647342032
147	160440.53945829743
148	163484.87040171836
149	166631.3824862537
150	168292.28935339715
151	170560.93918049432
152	172963.54336242232
153	175053.26877092294
154	176491.88607723586
155	177095.44731127928
156	180630.42396395473
157	184258.0983626008
158	187698.16349327832
159	191511.6796358939
160	193481.9047403553
161	197400.03445732844
162	201402.1106547997
163	205486.99616942674
164	209656.78899423397
165	213916.6360473952
166	218274.93558140416
167	222737.75557040426
168	227336.71686759486
169	232062.1102725889
170	236893.0946455583
171	241825.08420595602
172	246340.37151228703
173	252161.6091726015
174	255709.29338420145
175	260953.84984679255
176	266278.3249236332
177	271681.59891068906
178	275315.81894697313
179	280893.95100695366
180	286214.71986092196
181	289325.4912678637
182	289139.7191361079
183	285727.41911128757
184	280287.0991515219
185	274821.43295619014
186	271495.38684033643
187	266088.5032431642
188	260758.8990666458
189	255506.93392702568
190	252868.14997477466
191	248667.9984395401
192	244344.37521022852
193	241559.9849626857
194	236618.9401903913
195	231781.40350547736
196	227063.61851256664
197	231074.53750489268
198	233714.05170622905
199	234458.3957623919
200	233138.07101351034
201	229995.46047020264
202	225671.99841521485
203	221104.55555669114
204	217343.88138272963
205	215312.5205580742
206	215546.24755589128
207	218005.09171277293
208	222057.87184749616
209	217585.57777452242
210	213233.206071357
211	208981.55157317148
212	204818.56991245563
213	200738.26034475208
214	196738.97214440387
215	192822.45842728636
216	189914.8784496638
217	186084.66706830266
218	183601.8710854957
219	179977.76393765034
220	176449.63884964059
221	173197.60288229692
222	168774.96483290364
223	166072.31313595586
224	162924.79544115288
225	159885.17893620447
226	156954.9767980518
227	154143.58089635597
228	151464.8449132783
229	148919.39967557765
230	146511.55909443213
231	144241.99407362688
232	142104.44806283593
233	140097.80144641278
234	139735.7692925039
235	139251.41501037657
236	138716.07569085166
237	138231.21816183094
238	136587.62448635433
239	135089.46957353762
240	133746.33075509753
241	132572.52525787044
242	131588.5984689087
243	131036.34824218575
244	130383.92586071815
245	129717.59384069772
246	129357.79189494227
247	129460.55169038946
248	129725.93434743455
249	130132.43537206858
250	130665.08270470133
251	131313.33288975924
252	132069.49577917508
253	132928.1769499271
254	133885.52800164715
255	134940.09744589715
256	136094.17441613582
257	136795.87854986376
258	137976.4943157041
259	139208.76795634298
260	140169.9034217851
261	140725.55209164732
262	142298.33327934478
263	143971.6464357871
264	145744.97669754896
265	147624.57369980073
266	149478.3065869419
267	151074.11217188698
268	151551.54708566327
269	153699.20773837753
270	156062.2277025558
271	158525.87700566943
272	161225.88850420067
273	164154.0837335674
274	166521.25774302753
275	170210.7316152114
276	171404.40687969927
277	168929.4443760106
278	165302.07533009953
279	162414.73337205345
280	159763.94572314742
281	157358.36038955455
282	156952.1147444803
283	155025.71881886007
284	152550.2036065186
285	151048.4018535285
286	152083.40731201082
287	152563.77123742012
288	154922.15744162805
289	157439.93201400366
290	158394.01933065488
291	162015.85511071773
292	167450.80184427433
293	173128.88651049515
294	176494.20324679412
295	180088.17969178603
296	180954.0852363196
297	183109.478580181
298	186190.77373587576
299	189700.941362143
300	193106.21575869303
301	195921.22903063116
302	197778.21385332773
303	202334.19249938664
304	207042.25776769107
305	211887.08551875557
306	216859.09602173703
307	221288.62831990316
308	226506.58740758203
309	227287.62192544786
310	222820.50505181545
311	217565.5098950281
312	212590.80366399424
313	207745.8533114792
314	203040.9682461179
315	198492.9076488896
316	197119.43475159848
317	193622.12237666856
318	188897.2956020259
319	184223.56183024807
320	180944.61393414208
321	177381.62437493922
322	174069.74123349664
323	174224.65757528655
324	177681.71959555362
325	178192.30025435332
326	174772.36603446625
327	175164.4222651592
328	178669.32558121145
329	182402.5066004056
330	186342.66895563956
331	190482.8110489128
332	194158.6077635334
333	199306.52668041066
334	202698.06021182705
335	207495.41502957197
336	212449.03197436407
337	217546.83492011172
338	222485.2634146711
339	227501.5697983257
340	227568.16512061024
341	222623.28964911145
342	217615.53378140397
343	212523.55602906476
344	207577.01903457148
345	202787.35734950614
346	200632.21274345092
347	197018.24903827385
348	193189.380164346
349	190572.2250097253
350	186449.74507867676
351	182527.031788171
352	178812.2171510045
353	175316.64715849093
354	175097.59453144603
355	174877.0289090534
356	178290.62809117022
357	181910.13483913586
358	185722.90150875677
359	189718.36964833483
360	193886.57898804502
361	198218.01248562612
362	202702.54411699375
363	207331.1356602339
364	212099.02028912862
365	217013.48965612752
366	222068.19923890076
367	227240.39608152935
368	232554.57328892918
369	237287.75391534826
370	236714.3314061838
371	231440.36361226294
372	226731.8617443721
373	221567.05250263656
374	216513.69879669015
375	215166.9599898709
376	213334.65143435806
377	211533.59417302915
378	206785.45395425142
379	202168.57712166072
380	197691.89230374145
381	193363.76347648338
382	189193.1585116011
383	185189.1794408821
384	181360.2049054407
385	177715.0805444517
386	174261.6397817472
387	170671.4118914956
388	166804.1623590703
389	163154.38842811738
390	160205.58646974136
