Gaussian Denoiser Window Size: 2
Predicted sites number: 20
Predicted nucleotides number: 26

Site#1:
23
Site#2:
33
Site#3:
40
Site#4:
55
Site#5:
67
Site#6:
91
Site#7:
122
Site#8:
138
Site#9:
141
142
144
Site#10:
182
Site#11:
197
199
Site#12:
206
208
Site#13:
247
Site#14:
276
Site#15:
286
Site#16:
309
Site#17:
323
325
327
Site#18:
340
Site#19:
355
Site#20:
370

extremaRank	extremaLoc	extremaNt	extremaNDS_gd
1	247	247	129409.17
2	23	23	129532.07
3	40	40	131744.76
4	122	122	132098.94
5	67	67	132608.11
6	33	33	140761.42
7	286	286	151565.9
8	144	144	151925.99
9	141	141	151933.14
10	142	142	153073.71
11	138	138	158248.7
12	55	55	160505.81
13	276	276	170807.57
14	323	323	174147.2
15	327	327	174968.39
16	355	355	174987.31
17	325	325	177937.01
18	91	91	208156.17
19	206	206	215429.38
20	208	208	220031.48
21	309	309	226897.1
22	340	340	227534.87
23	197	197	229069.08
24	199	199	234086.22
25	370	370	237001.04
26	182	182	289232.61

Gaussian Denoised Signal:
1	1	157622.73
2	2	156367.75
3	3	153935.16
4	4	151414.61
5	5	148921.71
6	6	146833.01
7	7	145009.79
8	8	143291.4
9	9	141674.2
10	10	140666.99
11	11	139837.67
12	12	138407.38
13	13	136932.08
14	14	135704.39
15	15	134599.36
16	16	133592.02
17	17	132681.48
18	18	131869.91
19	19	131161.45
20	20	130562.33
21	21	130081.35
22	22	129731.14
23	23	129532.07
24	24	129613.65
25	25	129972.4
26	26	130469.29
27	27	131061.92
28	28	132013.34
29	29	133450.89
30	30	135210.16
31	31	137150.61
32	32	139353.36
33	33	140761.42
34	34	139891.13
35	35	137654.09
36	36	136075.13
37	37	135105.04
38	38	133735.41
39	39	132304.68
40	40	131744.76
41	41	132196.58
42	42	133267.15
43	43	134815.19
44	44	136686.93
45	45	138864.09
46	46	141327.49
47	47	143070.42
48	48	144286.2
49	49	145980.55
50	50	147760.3
51	51	149233.37
52	52	151566.21
53	53	154911.07
54	54	158410.1
55	55	160505.81
56	56	159078.73
57	57	155569.52
58	58	152001.49
59	59	148770.24
60	60	145216.31
61	61	141889.08
62	62	139437.96
63	63	137277.4
64	64	135423.69
65	65	133887.59
66	66	132997.04
67	67	132608.11
68	68	133121.21
69	69	134683.36
70	70	136216.11
71	71	138004.04
72	72	140221.53
73	73	141970.82
74	74	144007.23
75	75	146892.54
76	76	150134.54
77	77	154360.63
78	78	158357.68
79	79	161770.07
80	80	165643.67
81	81	169663.4
82	82	172919.23
83	83	175050.51
84	84	178152.36
85	85	182573.59
86	86	187106.73
87	87	191747.65
88	88	196493.14
89	89	201243.34
90	90	205897.92
91	91	208156.17
92	92	205767.05
93	93	201118.4
94	94	196417.45
95	95	191676.23
96	96	187041.07
97	97	182515.34
98	98	178104.95
99	99	173819.54
100	100	169668.05
101	101	165655.12
102	102	161788.6
103	103	159520.27
104	104	158523.03
105	105	157078.67
106	106	155319.54
107	107	153417.59
108	108	151568.03
109	109	149969.93
110	110	148806.85
111	111	146876.05
112	112	144027.29
113	113	142058.75
114	114	140417.7
115	115	138270.27
116	116	136418.04
117	117	134819.05
118	118	133270.08
119	119	132575.96
120	120	132520.69
121	121	132352.14
122	122	132098.94
123	123	132449.28
124	124	133530.68
125	125	134793.05
126	126	136218.95
127	127	137799.45
128	128	139539.96
129	129	141446.26
130	130	143503.12
131	131	145694.88
132	132	148023.89
133	133	149048.84
134	134	150122.13
135	135	152418.47
136	136	155125.95
137	137	157739.39
138	138	158248.7
139	139	156328.89
140	140	153425.8
141	141	151933.14
142	142	153073.71
143	143	153070.92
144	144	151925.99
145	145	153332.82
146	146	156088.53
147	147	158970.58
148	148	161962.7
149	149	165058.13
150	150	167461.84
151	151	169426.61
152	152	171762.24
153	153	174008.41
154	154	175772.58
155	155	176793.67
156	156	178862.94
157	157	182444.26
158	158	185978.13
159	159	189604.92
160	160	192496.79
161	161	195440.97
162	162	199401.07
163	163	203444.55
164	164	207571.89
165	165	211786.71
166	166	216095.79
167	167	220506.35
168	168	225037.24
169	169	229699.41
170	170	234477.6
171	171	239359.09
172	172	244082.73
173	173	249250.99
174	174	253935.45
175	175	258331.57
176	176	263616.09
177	177	268979.96
178	178	273498.71
179	179	278104.88
180	180	283554.34
181	181	287770.11
182	182	289232.61
183	183	287433.57
184	184	283007.26
185	185	277554.27
186	186	273158.41
187	187	268791.95
188	188	263423.7
189	189	258132.92
190	190	254187.54
191	191	250768.07
192	192	246506.19
193	193	242952.18
194	194	239089.46
195	195	234200.17
196	196	229422.51
197	197	229069.08
198	198	232394.29
199	199	234086.22
200	200	233798.23
201	201	231566.77
202	202	227833.73
203	203	223388.28
204	204	219224.22
205	205	216328.2
206	206	215429.38
207	207	216775.67
208	208	220031.48
209	209	219821.72
210	210	215409.39
211	211	211107.38
212	212	206900.06
213	213	202778.42
214	214	198738.62
215	215	194780.72
216	216	191368.67
217	217	187999.77
218	218	184843.27
219	219	181789.82
220	220	178213.7
221	221	174823.62
222	222	170986.28
223	223	167423.64
224	224	164498.55
225	225	161404.99
226	226	158420.08
227	227	155549.28
228	228	152804.21
229	229	150192.12
230	230	147715.48
231	231	145376.78
232	232	143173.22
233	233	141101.12
234	234	139916.79
235	235	139493.59
236	236	138983.75
237	237	138473.65
238	238	137409.42
239	239	135838.55
240	240	134417.9
241	241	133159.43
242	242	132080.56
243	243	131312.47
244	244	130710.14
245	245	130050.76
246	246	129537.69
247	247	129409.17
248	248	129593.24
249	249	129929.18
250	250	130398.76
251	251	130989.21
252	252	131691.41
253	253	132498.84
254	254	133406.85
255	255	134412.81
256	256	135517.14
257	257	136445.03
258	258	137386.19
259	259	138592.63
260	260	139689.34
261	261	140447.73
262	262	141511.94
263	263	143134.99
264	264	144858.31
265	265	146684.78
266	266	148551.44
267	267	150276.21
268	268	151312.83
269	269	152625.38
270	270	154880.72
271	271	157294.05
272	272	159875.88
273	273	162689.99
274	274	165337.67
275	275	168365.99
276	276	170807.57
277	277	170166.93
278	278	167115.76
279	279	163858.4
280	280	161089.34
281	281	158561.15
282	282	157155.24
283	283	155988.92
284	284	153787.96
285	285	151799.3
286	286	151565.9
287	287	152323.59
288	288	153742.96
289	289	156181.04
290	290	157916.98
291	291	160204.94
292	292	164733.33
293	293	170289.84
294	294	174811.54
295	295	178291.19
296	296	180521.13
297	297	182031.78
298	298	184650.13
299	299	187945.86
300	300	191403.58
301	301	194513.72
302	302	196849.72
303	303	200056.2
304	304	204688.23
305	305	209464.67
306	306	214373.09
307	307	219073.86
308	308	223897.61
309	309	226897.1
310	310	225054.06
311	311	220193.01
312	312	215078.16
313	313	210168.33
314	314	205393.41
315	315	200766.94
316	316	197806.17
317	317	195370.78
318	318	191259.71
319	319	186560.43
320	320	182584.09
321	321	179163.12
322	322	175725.68
323	323	174147.2
324	324	175953.19
325	325	177937.01
326	326	176482.33
327	327	174968.39
328	328	176916.87
329	329	180535.92
330	330	184372.59
331	331	188412.74
332	332	192320.71
333	333	196732.57
334	334	201002.29
335	335	205096.74
336	336	209972.22
337	337	214997.93
338	338	220016.05
339	339	224993.42
340	340	227534.87
341	341	225095.73
342	342	220119.41
343	343	215069.54
344	344	210050.29
345	345	205182.19
346	346	201709.79
347	347	198825.23
348	348	195103.81
349	349	191880.8
350	350	188510.99
351	351	184488.39
352	352	180669.62
353	353	177064.43
354	354	175207.12
355	355	174987.31
356	356	176583.83
357	357	180100.38
358	358	183816.52
359	359	187720.64
360	360	191802.47
361	361	196052.3
362	362	200460.28
363	363	205016.84
364	364	209715.08
365	365	214556.25
366	366	219540.84
367	367	224654.3
368	368	229897.48
369	369	234921.16
370	370	237001.04
371	371	234077.35
372	372	229086.11
373	373	224149.46
374	374	219040.38
375	375	215840.33
376	376	214250.81
377	377	212434.12
378	378	209159.52
379	379	204477.02
380	380	199930.23
381	381	195527.83
382	382	191278.46
383	383	187191.17
384	384	183274.69
385	385	179537.64
386	386	175988.36
387	387	172466.53
388	388	168737.79
389	389	164979.28
390	390	161679.99
====================

