Gaussian Denoiser Window Size: 2
Predicted sites number: 20
Predicted nucleotides number: 26

Site#1:
27
Site#2:
37
Site#3:
44
Site#4:
59
Site#5:
71
Site#6:
95
Site#7:
126
Site#8:
142
Site#9:
145
146
148
Site#10:
185
Site#11:
200
202
Site#12:
209
211
Site#13:
250
Site#14:
279
Site#15:
289
Site#16:
312
Site#17:
326
328
330
Site#18:
343
Site#19:
358
Site#20:
373

extremaRank	extremaLoc	extremaNt	extremaNDS_gd
1	250	250	130693.26
2	27	27	130813.42
3	44	44	133268.33
4	126	126	133610.87
5	71	71	134078.81
6	37	37	142207.13
7	289	289	151911.84
8	148	148	153928.91
9	145	145	153955.57
10	146	146	155111.45
11	142	142	160390.41
12	59	59	162147.71
13	279	279	170830.49
14	326	326	176120.15
15	330	330	177031.92
16	358	358	177120.48
17	328	328	179971.28
18	95	95	210229.42
19	209	209	218329.01
20	211	211	223014.08
21	312	312	228893.09
22	343	343	229998.59
23	200	200	232158.36
24	202	202	237208.66
25	373	373	240039.35
26	185	185	290758.75

Gaussian Denoised Signal:
1	1	163315.95
2	2	162205.37
3	3	160242.51
4	4	158842.46
5	5	158071.52
6	6	156616.99
7	7	154234.84
8	8	151779.08
9	9	149328.25
10	10	147270.44
11	11	145501.15
12	12	143837.11
13	13	142274.43
14	14	141309.73
15	15	140523.72
16	16	139150.64
17	17	137723.47
18	18	136541.27
19	19	135489
20	20	134533.9
21	21	133674.94
22	22	132914.18
23	23	132255.7
24	24	131705.53
25	25	131272.23
26	26	130968.22
27	27	130813.42
28	28	130919.76
29	29	131290.55
30	30	131809.58
31	31	132431.33
32	32	133402.69
33	33	134848.69
34	34	136617.38
35	35	138561.22
36	36	140774.48
37	37	142207.13
38	38	141349.66
39	39	139101.55
40	40	137511.35
41	41	136536.66
42	42	135158.43
43	43	133721.48
44	44	133268.33
45	45	133740.48
46	46	134729.25
47	47	136291.98
48	48	138179.13
49	49	140372.15
50	50	142852.11
51	51	144601.59
52	52	145817.68
53	53	147519.87
54	54	149312.71
55	55	150801.14
56	56	153151.47
57	57	156509.67
58	58	160027.06
59	59	162147.71
60	60	160726.66
61	61	157198.68
62	62	153606.52
63	63	150363.68
64	64	146789.11
65	65	143435.15
66	66	140968.19
67	67	138792.63
68	68	136924.85
69	69	135375.99
70	70	134475.52
71	71	134078.81
72	72	134600.07
73	73	136186.55
74	74	137733.78
75	75	139534.52
76	76	141777.12
77	77	143553.43
78	78	145615.72
79	79	148527.91
80	80	151790.7
81	81	156044.4
82	82	160081.08
83	83	163526.89
84	84	167429.27
85	85	171478.07
86	86	174755.73
87	87	176901.79
88	88	180026.07
89	89	184477.27
90	90	189040.56
91	91	193711.65
92	92	198487.61
93	93	203264.29
94	94	207947.5
95	95	210229.42
96	96	207834.8
97	97	203156.88
98	98	198423.11
99	99	193651.55
100	100	188986.09
101	101	184430.38
102	102	179990.21
103	103	175675.19
104	104	171494.39
105	105	167452.52
106	106	163557.53
107	107	161274.77
108	108	160274.69
109	109	158822.73
110	110	157051.62
111	111	155134.63
112	112	153268.39
113	113	151653.45
114	114	150475.26
115	115	148524.28
116	116	145649.18
117	117	143666.28
118	118	142014.8
119	119	139844.19
120	120	137963.55
121	121	136338.39
122	122	134766.16
123	123	134065.64
124	124	134019.99
125	125	133859.52
126	126	133610.87
127	127	133980.74
128	128	135100.11
129	129	136402.33
130	130	137869.65
131	131	139492.98
132	132	141277.59
133	133	143229.27
134	134	145332.6
135	135	147571.6
136	136	149948.44
137	137	151000.9
138	138	152118.5
139	139	154482.62
140	140	157244.06
141	141	159891.47
142	142	160390.41
143	143	158423.62
144	144	155471.25
145	145	153955.57
146	146	155111.45
147	147	155102.12
148	148	153928.91
149	149	155356.78
150	150	158161.28
151	151	161093.01
152	152	164135.61
153	153	167282.05
154	154	169725.17
155	155	171721.38
156	156	174093.32
157	157	176374.34
158	158	178165.46
159	159	179201.23
160	160	181300.59
161	161	184934.59
162	162	188520.47
163	163	192199.74
164	164	195131.27
165	165	198114.94
166	166	202128.72
167	167	206226.24
168	168	210407.81
169	169	214677
170	170	219040.51
171	171	223505.65
172	172	228091.59
173	173	232809.4
174	174	237643.49
175	175	242581.1
176	176	247360.93
177	177	252589.09
178	178	257321.9
179	179	261762.33
180	180	267102.16
181	181	272520.19
182	182	277242.97
183	183	282138.07
184	184	287464
185	185	290758.75
186	186	290570.45
187	187	286985.52
188	188	281591.4
189	189	276887.3
190	190	272319.8
191	191	266897.07
192	192	261550.88
193	193	257558.56
194	194	254094.84
195	195	249786.02
196	196	246199.56
197	197	242298.09
198	198	237352.7
199	199	232519.04
200	200	232158.36
201	201	235513.07
202	202	237208.66
203	203	236897.6
204	204	234621.89
205	205	230833.85
206	206	226335.21
207	207	222131.67
208	208	219218.63
209	209	218329.01
210	210	219708.58
211	211	223014.08
212	212	222804.57
213	213	218337.54
214	214	213981.12
215	215	209719.59
216	216	205543.72
217	217	201449.9
218	218	197438.33
219	219	193975.32
220	220	190555.11
221	221	187357.75
222	222	184264.1
223	223	180635.33
224	224	177188.74
225	225	173286.74
226	226	169673.78
227	227	166707.27
228	228	163562.83
229	229	160527.66
230	230	157607.21
231	231	154813.2
232	232	152152.71
233	233	149627.8
234	234	147241.17
235	235	144990.31
236	236	142871.78
237	237	141659.41
238	238	141225.04
239	239	140702.64
240	240	140180.85
241	241	139089.54
242	242	137475.77
243	243	136013.51
244	244	134714.97
245	245	133597.78
246	246	132789.03
247	247	132135.01
248	248	131417.77
249	249	130859.95
250	250	130693.26
251	251	130833.2
252	252	131123.21
253	253	131545.36
254	254	132087.13
255	255	132739.61
256	256	133496.4
257	257	134353.04
258	258	135306.92
259	259	136358.58
260	260	137249.51
261	261	138160.42
262	262	139322.93
263	263	140373.07
264	264	141094.56
265	265	142117.21
266	266	143686.24
267	267	145355.87
268	268	147129.38
269	269	148945.46
270	270	150622.16
271	271	151623.64
272	272	152902.94
273	273	155118.84
274	274	157494.86
275	275	160037.34
276	276	162812.14
277	277	165424.37
278	278	168415.59
279	279	170830.49
280	280	170201.19
281	281	167188.22
282	282	163972.1
283	283	161242.11
284	284	158752.2
285	285	157373.84
286	286	156234.22
287	287	154072.31
288	288	152126.46
289	289	151911.84
290	290	152662.46
291	291	154054.48
292	292	156448.85
293	293	158320.83
294	294	161047.68
295	295	166121.69
296	296	172064.25
297	297	176709.43
298	298	180190.27
299	299	182397.12
300	300	183866.28
301	301	186458.17
302	302	189747.4
303	303	193219.29
304	304	196360.93
305	305	198740.56
306	306	201974.43
307	307	206613.58
308	308	211398.26
309	309	216315.83
310	310	221010.05
311	311	225842.92
312	312	228893.09
313	313	227089.91
314	314	222217.8
315	315	217077.96
316	316	212159.47
317	317	207376.76
318	318	202743.78
319	319	199808.16
320	320	197416.19
321	321	193318.87
322	322	188599.9
323	323	184574.52
324	324	181122.24
325	325	177683.79
326	326	176120.15
327	327	177949.48
328	328	179971.28
329	329	178538.83
330	330	177031.92
331	331	179010.48
332	332	182659.8
333	333	186526.84
334	334	190597.56
335	335	194509.6
336	336	198928.59
337	337	203251.9
338	338	207397
339	339	212303.36
340	340	217360.14
341	341	222392.89
342	342	227398.63
343	343	229998.59
344	344	227588.78
345	345	222582.51
346	346	217487.35
347	347	212437.63
348	348	207539.1
349	349	204063.36
350	350	201185.95
351	351	197439.59
352	352	194167.4
353	353	190753.22
354	354	186699.89
355	355	182850.61
356	356	179215.62
357	357	177293.81
358	358	177120.48
359	359	178844.66
360	360	182424.05
361	361	186202.86
362	362	190168.46
363	363	194310.48
364	364	198619.17
365	365	203084.78
366	366	207697.93
367	367	212451.34
368	368	217346.39
369	369	222383.85
370	370	227548.83
371	371	232826.66
372	372	237896.22
373	373	240039.35
374	374	237132.44
375	375	232093.89
376	376	227094.64
377	377	221934.87
378	378	218707.32
379	379	217106.63
380	380	215265.29
381	381	211948.19
382	382	207211.01
383	383	202608.15
384	384	198148.15
385	385	193839.82
386	386	189691.9
387	387	185713.02
388	388	181911.86
389	389	178297.76
390	390	175355.3
391	391	172840.74
392	392	170104.35
====================

