"nt"	"nds"
1	163315.94886410903
2	161094.7925682413
3	159390.2292192704
4	158294.68188121542
5	157848.3499048549
6	155385.63219455903
7	153084.03860854617
8	150474.12882555617
9	148182.37205518814
10	146358.5115575679
11	144643.78909937726
12	143030.43213941494
13	141518.42915570774
14	141101.04072216185
15	139946.40472321404
16	138354.87370323346
17	137092.0639177454
18	135990.46901090132
19	134987.537245006
20	134080.25505193227
21	133269.6222480441
22	132558.7298263106
23	131952.66200401768
24	131458.4026718518
25	131086.04971703218
26	130850.38397726812
27	130776.4498484996
28	131063.07117634622
29	131518.03175454505
30	132101.11977050698
31	132761.53171386552
32	134043.85591323004
33	135653.51479307804
34	137581.24028844683
35	139541.20326839673
36	142007.75432004628
37	142406.49769109036
38	140292.8265033871
39	137910.2778358534
40	137112.41615504463
41	135960.89617006213
42	134355.96347629288
43	133087.00286408307
44	133449.65401073953
45	134031.3036805987
46	135427.18659650112
47	137156.78147189863
48	139201.47053055375
49	141542.8330774963
50	144161.39352844123
51	145041.78257667786
52	146593.57221017042
53	148446.17584937942
54	150179.24728965943
55	151423.03168757758
56	154879.91678859654
57	158139.41785931715
58	161914.70238464
59	162380.71634734079
60	159072.59879472145
61	155324.7575562274
62	151888.28480131648
63	148839.07877949532
64	144739.14323962943
65	142131.1596190361
66	139805.2211666932
67	137780.0398922025
68	136069.66937641497
69	134682.3140737466
70	134268.72137759137
71	133888.90451703416
72	135311.24282326456
73	137061.85425237453
74	138405.71206583225
75	140663.33777852068
76	142890.91172604135
77	144215.95747569573
78	147015.4728394718
79	150040.35677043433
80	153541.03891777233
81	158547.76225084308
82	161614.39430487945
83	165439.3823381566
84	169419.1486740923
85	173536.99234316082
86	175974.46004640593
87	177829.12167193653
88	182223.02458580607
89	186731.50843443672
90	191349.60670657022
91	196073.6932265297
92	200901.53531914018
93	205627.0517363038
94	210267.9404856307
95	210190.89512875743
96	205478.7142346207
97	200835.0447142984
98	196011.1711938213
99	191291.9381067926
100	186680.2411365306
101	182180.52070196508
102	177799.90857763993
103	173550.47015923818
104	169438.30109364333
105	165466.74025863264
106	161648.3107085836
107	160901.2313303596
108	159648.13896734535
109	157997.31837214186
110	156105.91996849354
111	154163.34785571333
112	152373.4336083309
113	150933.47351188425
114	150017.04759627066
115	147031.50407679522
116	144266.85217160074
117	143065.71001279945
118	140963.8968991899
119	138724.4855180774
120	137202.61826046862
121	135474.15619633882
122	134058.15864404803
123	134073.1309477353
124	133966.84561239817
125	133752.20237082333
126	133469.54054788713
127	134491.93453462588
128	135708.2805954711
129	137096.3764949467
130	138642.9303627564
131	140343.02493118632
132	142212.15409964533
133	144246.39231503
134	146418.7982200942
135	148724.39811981138
136	151172.47277233846
137	150829.3218678644
138	153407.67587389192
139	155557.56619273865
140	158930.55797701012
141	160852.38295388783
142	159928.43819259552
143	156918.80406409028
144	154023.68937023633
145	153887.4527461256
146	156335.4511147981
147	153868.78876915106
148	153989.0297441731
149	156724.52070378757
150	159598.0450996876
151	162587.97342146313
152	165683.25416580515
153	168880.8461478873
154	170569.491857961
155	172873.26549997757
156	175313.37830003188
157	177435.29593805954
158	178895.61626822178
159	179506.8342314989
160	183094.3406342045
161	186774.84261947765
162	190266.09591759532
163	194133.3861542883
164	196129.1561267975
165	200100.72712975845
166	204156.7063426014
167	208295.7728000594
168	212519.84882846617
169	216834.15043396613
170	221246.8651175827
171	225764.4415818783
172	230418.74056540485
173	235200.05011824286
174	240086.9325253914
175	245075.26687182102
176	249646.58698940833
177	255531.5969040345
178	259112.20119508382
179	264412.4512755704
180	269791.869931072
181	275248.5172968739
182	279237.41859157436
183	285038.7115154798
184	289889.2897068404
185	291628.2162990919
186	289512.6808225059
187	284458.3598767754
188	278724.43624252937
189	275050.16742559086
190	269589.43255477655
191	264204.71316489996
192	258897.03907906596
193	256220.07605177702
194	251969.60447209832
195	247602.4380750324
196	244796.678788034
197	239799.50656866885
198	234905.90140040478
199	230132.17421309263
200	234184.55113931658
201	236841.59587809577
202	237575.72508169923
203	236219.4814555477
204	233024.30120336474
205	228643.4049192298
206	224027.02065554148
207	220236.3239918148
208	218200.93259958838
209	218457.089148765
210	220960.07882667743
211	225068.07613136937
212	220541.0548684251
213	216134.03221018464
214	211828.2146517923
215	207610.95646852558
216	203476.4923985454
217	199423.30323122253
218	195453.3544321755
219	192497.28445446875
220	188612.94335742912
221	186102.5560740431
222	182425.6386953985
223	178845.0123411987
224	175532.46787037177
225	171041.02183631432
226	168306.5307820602
227	165108.0025394777
228	162017.66652952973
229	159037.66167600697
230	156176.75333718795
231	153449.63986107463
232	150855.77094976025
233	148399.83792832037
234	146082.50454205842
235	143898.12288348822
236	141845.42992548452
237	141473.39955493083
238	140976.68743766606
239	140428.59158282867
240	139933.10173735349
241	138245.98319616885
242	136705.5473413927
243	135321.47447508038
244	134108.4591055134
245	133087.10932751602
246	132490.9441539754
247	131779.07681660738
248	131056.46213334546
249	130663.44139605007
250	130723.08214653902
251	130943.32418540513
252	131303.09451718404
253	131787.6217030949
254	132386.62988851086
255	133092.59067303877
256	133900.20665338257
257	134805.86399740944
258	135807.9766921636
259	136909.18195872335
260	137589.84707101737
261	138730.99916287343
262	139914.86467435607
263	140831.27305917803
264	141357.85356072042
265	142876.5574888839
266	144495.9299806329
267	146215.8082435073
268	148042.95339753246
269	149847.9581331673
270	151396.36826038733
271	151850.9207519847
272	153954.95790679072
273	156282.72499891673
274	158707.00318960607
275	161367.67379765704
276	164256.61333103327
277	166592.1312076096
278	170239.05848443956
279	171421.92383225402
280	168980.44780529608
281	165395.98928278955
282	162548.2144074686
283	159936.00271507064
284	157568.3944734943
285	157179.27862401988
286	155289.15912923525
287	152855.4638854869
288	151397.46222322303
289	152426.2107527547
290	152898.71597634285
291	155210.24864559955
292	157687.4482893585
293	158954.20620416472
294	163141.1621878919
295	169102.2258662874
296	175026.2746002749
297	178392.5820903358
298	181987.9570757667
299	182806.28514665292
300	184926.26892487932
301	187990.07807484784
302	191504.7188320544
303	194933.85609467342
304	197788.01139559306
305	199693.09892061914
306	204255.75842422998
307	208971.41007047865
308	213825.11872826164
309	218806.53579550143
310	223213.57282678905
311	228472.26886979444
312	229313.9207974717
313	224865.9003458389
314	219569.6926274677
315	214586.22421810296
316	209732.7071776729
317	205020.8180845633
318	200466.7370871677
319	199149.59252199958
320	195682.78916002822
321	190954.9461421118
322	186244.8627526858
323	182904.18055264172
324	179340.29994994547
325	176027.2702244877
326	176213.02261751273
327	179685.93552292607
328	180256.62636568153
329	176821.02502399057
330	177242.8192776899
331	180778.13391788583
332	184541.47306281995
333	188512.2113950163
334	192682.91447305417
335	196336.28433148866
336	201520.8969794504
337	204982.9122646686
338	209811.08547019935
339	214795.62825451285
340	219924.64875148068
341	224861.13021484617
342	229936.13197935125
343	230061.0509033894
344	225116.5021732733
345	220048.51221206854
346	214926.18166244877
347	209949.08698255912
348	205129.1116045322
349	202997.6139770219
350	199374.2912325868
351	195504.8896951232
352	192829.90704228164
353	188676.52682531843
354	184723.25609579813
355	180977.97188289242
356	177453.27015656765
357	177134.3479297
358	177106.60663622958
359	180582.71960161513
360	184265.37333880825
361	188140.33682013533
362	192196.58766548382
363	196424.3644292418
364	200813.97124572055
365	205355.58784710715
366	210040.26513977532
367	214862.42430586432
368	219830.3554594241
369	224937.35406677326
370	230160.30730219747
371	235493.0174620455
372	240299.4184322168
373	239779.27688557236
374	234485.59482194146
375	229702.18723227453
376	224487.09456470955
377	219382.6395566077
378	218032.01004494703
379	216181.25238254006
380	214349.31806528097
381	209547.0547314644
382	204874.95751869818
383	200341.33770961943
384	195954.9615019907
385	191724.67169052927
386	187659.13284649045
387	183766.90040423503
388	180056.82179092683
389	176538.69124342126
390	174171.90675207946
391	171509.566805129
392	168699.13564332624
