"nt"	"nds"
1	164293.73559893362
2	162062.84441770523
3	160350.48597452813
4	159249.38063172478
5	158799.63812969616
6	156324.03203107286
7	154009.54197448867
8	151384.68526923322
9	149080.32342103118
10	147244.21021712606
11	145517.29917312734
12	143891.68399308092
13	142367.3759612391
14	141946.75811550595
15	140781.0573867012
16	139174.97215652143
17	137900.08775960465
18	136786.67242691072
19	135772.07192410468
20	134853.2215991987
21	134031.2663568001
22	133309.2492579438
23	132692.2964339835
24	132187.53016971814
25	131805.1305750569
26	131559.9698065112
27	131477.40359607886
28	131763.44353273005
29	132215.1645514479
30	132793.06571812992
31	133447.3098953432
32	134731.85245148902
33	136344.64593941675
34	138275.68865774828
35	140241.33641962902
36	142709.2020996358
37	143103.55273221357
38	140984.5628097258
39	138600.92058872126
40	137801.15537650711
41	136648.25440048557
42	135039.80241615837
43	133766.46192958005
44	133921.7261199473
45	134714.70006462213
46	136109.51193753848
47	137838.37674502324
48	139883.23565302344
49	142225.86199289188
50	144846.05628060285
51	145728.79048952344
52	147282.33749544685
53	149136.4669401302
54	150870.25250095694
55	152113.941563612
56	155574.2136379857
57	158838.86030865635
58	162616.8923934901
59	163079.8010048258
60	159766.1996436114
61	156016.18242646163
62	152576.56384944692
63	149522.00969437923
64	145421.3042352895
65	142811.56011826664
66	140484.65068216054
67	138458.83167692774
68	136748.67064834194
69	135361.13931765992
70	134946.6738912592
71	134566.04093878804
72	135986.06044784345
73	137734.60765361067
74	139079.9607240432
75	141337.39455605877
76	143563.47911128897
77	144886.36416770183
78	147686.45549681925
79	150712.06009564147
80	154217.7521930991
81	159227.62582731346
82	162292.93782336454
83	166120.84831199807
84	170103.5645384969
85	174225.1965648178
86	176665.3541081615
87	178521.07126910912
88	182918.9101190105
89	187431.8538586939
90	192054.39559646352
91	196783.45271017938
92	201615.8699586158
93	206349.0486767232
94	210992.76834100523
95	210910.89687003684
96	206191.2007555721
97	201545.19351703319
98	196716.4788396366
99	191992.33672221017
100	187376.27303219042
101	182872.16922128026
102	178487.73832504035
103	174234.39145888042
104	170119.0812698422
105	166144.13931591556
106	162322.93431876844
107	161573.6449780263
108	160317.92601467593
109	158665.2768582474
110	156772.61263625126
111	154829.4923446867
112	153039.70062827162
113	151600.8156272145
114	150685.9616177355
115	147699.36168489614
116	144934.3277630056
117	143730.6700948571
118	141627.91011073045
119	139390.249253505
120	137872.12093288382
121	136145.15513104026
122	134730.88475643983
123	134742.65507084658
124	134632.70749944935
125	134414.45912880308
126	134129.2399351413
127	135143.10774398388
128	136350.34547739162
129	137728.89215826264
130	139265.4054999669
131	140955.23916800568
132	142813.5935625928
133	144836.6818742935
134	146997.8898762525
135	149291.91525116173
136	151728.5502872773
137	151381.97529259854
138	153931.19385521582
139	156063.88868885295
140	159426.14421927964
141	161350.56488962416
142	160439.8892105998
143	157445.84574523167
144	154556.3747151737
145	154422.6069873497
146	156863.4282960392
147	154408.99606381042
148	154532.01066756615
149	157255.73516060135
150	160117.32645207478
151	163094.7807650383
152	166177.43600408573
153	169362.43061021998
154	171045.47997369658
155	173341.49778491232
156	175772.46005598488
157	177885.75165162378
158	179339.83691987002
159	179947.5400657401
160	183522.11294141613
161	187189.36206218065
162	190669.2539021921
163	194523.00346684433
164	196510.90360647687
165	200468.97284649525
166	204511.65909659775
167	208637.0398380097
168	212847.46886847078
169	217148.3712086414
170	221547.29760997582
171	226051.1507448345
172	230691.63255330495
173	235459.33567977566
174	240332.01418325532
175	245306.4179194605
176	249867.31132621874
177	255736.6817257614
178	259306.51635923013
179	264593.51089524693
180	269960.92467104807
181	275406.66053385806
182	279077.2110372593
183	284701.20771356643
184	290060.28871952125
185	293186.8784251655
186	292989.54931718553
187	289541.4574558424
188	284055.7266703322
189	278551.37671450415
190	275208.90614896384
191	269759.00570785196
192	264386.7855366364
193	259091.85183412803
194	256423.41924002548
195	252184.78632024507
196	247828.40560429933
197	245028.79601160076
198	240045.45492957748
199	235165.47857609103
200	230405.97021930627
201	234447.67073732868
202	237100.51378955835
203	237838.10254929826
204	236492.54742887476
205	233311.36649489476
206	228944.73391896152
207	224339.10267839278
208	220554.43144991083
209	218519.1224054699
210	218769.78197536193
211	221262.7009072433
212	225357.7242947535
213	220844.36097240582
214	216451.04792637352
215	212158.58091200178
216	207954.92897166073
217	203834.0913303479
218	199794.1606652898
219	195837.6832964977
220	192893.22548282266
221	189022.20498571356
222	186519.3867013644
223	182855.7012811454
224	179287.98549005543
225	175989.60878301435
226	171515.13649381555
227	168789.89081889178
228	165603.91834303417
229	162526.01671199905
230	159558.38637102995
231	156709.60164648047
232	153994.16977463738
233	151411.97230191034
234	148967.58070321046
235	146661.9474788416
236	144488.70738799934
237	142447.13195084684
238	142077.2101185879
239	141583.3032562451
240	141038.34709553095
241	140545.8615296373
242	138869.11915162415
243	137338.58876702932
244	135964.1279507644
245	134760.23667722644
246	133747.44152402505
247	133157.98438798293
248	132457.38502222463
249	131746.4257897105
250	131361.8318335979
251	131429.8945754518
252	131659.36047837403
253	132028.94717320421
254	132523.77648058592
255	133133.40550168674
256	133850.3892124664
257	134669.16717709068
258	135586.22220792988
259	136600.01715894963
260	137712.9459952854
261	138396.163357377
262	139544.97946803633
263	140739.6902103822
264	141667.1729025116
265	142202.35365916044
266	143733.31776684674
267	145364.93154561502
268	147097.06731714978
269	148936.42635694318
270	150751.32429440104
271	152307.0047192333
272	152760.78520828718
273	154872.28799591525
274	157210.61974824892
275	159642.05016486038
276	162309.96078813402
277	165206.1068046336
278	167544.74319966382
279	171202.7914833664
280	172393.26792538108
281	169948.6282736059
282	166352.955553114
283	163497.9883468953
284	160879.01399735737
285	158504.6020898827
286	158117.05631336258
287	156220.79873459932
288	153775.20305666872
289	152310.3736020629
290	153343.65012329374
291	153819.68176641283
292	156143.96156778632
293	158633.66533965542
294	159895.94983686274
295	164089.98369367686
296	170071.1649518052
297	176023.6325116292
298	179401.227153848
299	183008.41340445605
300	183827.68677688163
301	185952.66064933484
302	189024.99694017015
303	192549.58891120943
304	195989.26220825425
305	198853.17531314495
306	200765.6178845465
307	205340.66132519842
308	210068.9187793723
309	214935.02732917026
310	219929.10596970143
311	224345.88408416987
312	229619.03980634143
313	230465.4028231814
314	226007.91106857453
315	220696.81424534702
316	215700.54194591127
317	210834.61267115801
318	206110.11612792415
319	201543.5348715917
320	200224.7785237951
321	196748.798715517
322	192006.96284842136
323	187281.5196905337
324	183929.11846621445
325	180353.5647144476
326	177029.2931008779
327	177216.74527168213
328	180701.54510497116
329	181276.6506175159
330	177828.82568061133
331	178253.01926617572
332	181801.603130599
333	185578.94852151925
334	189563.71402435456
335	193748.06926058535
336	197408.77600650836
337	202609.59266947507
338	206085.12756116444
339	210927.05860243164
340	215925.90705290143
341	221068.87222172975
342	226015.94695848456
343	231106.20635575795
344	231235.7909772801
345	226279.83210769368
346	221196.69163771495
347	216060.29223506543
348	211069.49303505052
349	206235.9190321757
350	204100.87170284646
351	200468.3147675798
352	196586.29903343986
353	193899.9410841033
354	189733.2007902482
355	185766.20046097436
356	182006.75849322986
357	178467.03515408825
358	178276.15952768023
359	178141.7712484457
360	181631.40393182138
361	185327.538690254
362	189216.29531095954
363	193286.80386795168
364	197528.94788953912
365	201933.3670891903
366	206489.54117061105
367	211189.31564983877
368	216026.68671073156
369	221009.73022979512
370	226131.55042677757
371	231370.01563835033
372	236715.4656651726
373	241537.80663243943
374	241020.37246325103
375	235713.61172438753
376	230914.6175456395
377	225684.43176662433
378	220564.82618856378
379	219210.8111373289
380	217354.83456231822
381	215516.56944714725
382	210699.3480080103
383	206012.2923212504
384	201463.85744821123
385	197063.10357275023
386	192818.46116780303
387	188738.94139176374
388	184832.71152316965
389	181108.95206825694
390	177576.4282118007
391	175198.32555849274
392	172523.68389793078
393	169700.45003172543
