Gaussian Denoiser Window Size: 2
Predicted sites number: 10
Predicted nucleotides number: 11

Site#1:
1
Site#2:
8
9
Site#3:
12
Site#4:
22
Site#5:
31
Site#6:
35
Site#7:
40
Site#8:
49
Site#9:
59
Site#10:
67

extremaRank	extremaLoc	extremaNt	extremaNDS_gd
1	40	40	6482.64
2	31	31	6489.06
3	12	12	6500.78
4	59	59	6507.1
5	8	8	6588.95
6	9	9	6607.8
7	35	35	6636.22
8	67	67	9957.59
9	1	1	10389.06
10	49	49	11387.59
11	22	22	11449.82

Gaussian Denoised Signal:
1	1	10389.06
2	2	9968.97
3	3	9165.3
4	4	8437.47
5	5	7791.26
6	6	7233.96
7	7	6776.86
8	8	6588.95
9	9	6607.8
10	10	6599.09
11	11	6556.66
12	12	6500.78
13	13	6650.7
14	14	7055.24
15	15	7552.82
16	16	8132.17
17	17	8789.18
18	18	9441.89
19	19	10177.15
20	20	10958.22
21	21	11443.65
22	22	11449.82
23	23	10974.4
24	24	10196.41
25	25	9454.73
26	26	8796.43
27	27	8139.24
28	28	7559
29	29	7059.3
30	30	6650.91
31	31	6489.06
32	32	6530.94
33	33	6577.76
34	34	6615.69
35	35	6636.22
36	36	6635.31
37	37	6613.03
38	38	6573.51
39	39	6525.37
40	40	6482.64
41	41	6640.27
42	42	7040.2
43	43	7530.98
44	44	8102.86
45	45	8752.6
46	46	9407.5
47	47	10146.89
48	48	10919.05
49	49	11387.59
50	50	11375.89
51	51	10888.47
52	52	10110.67
53	53	9383.42
54	54	8739.09
55	55	8089.69
56	56	7519.38
57	57	7032.35
58	58	6638.96
59	59	6507.1
60	60	6568.34
61	61	6580.46
62	62	6770.92
63	63	7224.94
64	64	7780.46
65	65	8425.96
66	66	9153.69
67	67	9957.59
====================

