"nt"	"nds"
1	10389.064728505296
2	9548.866299077272
3	8781.739040374518
4	8093.204157491085
5	7489.320284649686
6	6978.605964649462
7	6575.109789467884
8	6602.799645904934
9	6612.806412726968
10	6585.375804851241
11	6527.935498251796
12	6473.614992546014
13	6827.783437840987
14	7282.706089372898
15	7822.9239964886665
16	8441.419120172312
17	9136.942396843911
18	9746.829932632698
19	10607.467991135893
20	11308.975099162386
21	11578.325617174505
22	11321.315225101092
23	10627.493003105254
24	9765.321599847752
25	9144.145374902346
26	8448.70844971197
27	7829.775773667287
28	7288.233139881986
29	6830.358551959323
30	6471.464588231977
31	6506.660411333205
32	6555.211273526143
33	6600.305670460552
34	6631.067948772993
35	6641.369927354393
36	6629.2461061185195
37	6596.80466138453
38	6550.212124391756
39	6500.536286479058
40	6464.746030150943
41	6815.792575051487
42	7264.612971490494
43	7797.342309199691
44	8408.370866043477
45	9096.838686069073
46	9718.164296318577
47	10575.61484538115
48	11262.486786587844
49	11512.696204965852
50	11239.091773685455
51	10537.850837074478
52	9683.481720951979
53	9083.360941884725
54	8394.810286024427
55	7784.577857202448
56	7254.184071975158
57	6810.515324645751
58	6467.4141678644855
59	6546.785391945823
60	6589.887153793908
61	6571.029023618825
62	6970.812214595802
63	7479.071026940674
64	8081.848516085622
65	8770.065076905243
66	9537.311490347623
67	10377.866722047524
