"nt"	"nds"
1	8631.780616788668
2	9080.163723139265
3	9626.982030503503
4	10264.061840212093
5	10982.652372524894
6	11776.485442065567
7	12641.564806151217
8	13576.135149819505
9	14520.552961622101
10	15510.110983153778
11	15610.339546791694
12	14723.248897828764
13	13672.296560484665
14	12739.773505006935
15	11876.265369965593
16	11083.618766527683
17	10365.752827905751
18	9730.005094762537
19	9189.815520774984
20	8766.143966738497
21	9259.940434906352
22	9831.485808735259
23	10386.215428789767
24	10828.212325611938
25	11087.18151439788
26	11125.567125887828
27	10936.579098633694
28	10542.428477490124
29	9994.087490547572
30	9372.061354747762
31	8783.524202688317
32	8346.829694948196
33	8158.136378458324
34	8251.26661204859
35	8003.348582500479
36	7867.444160073309
37	7823.576230090714
38	7859.369218494869
39	7968.5823041164895
40	8148.455485003523
41	8398.952626975844
42	8725.53783043191
43	8893.01432400653
44	9153.662125055029
45	9460.854323325188
46	9770.495452646564
47	10045.933754637572
48	10261.17977922875
49	10403.299938269396
50	11186.26607043828
51	12072.61618472928
52	12959.600128476319
53	13001.775463526665
54	12157.944745312765
55	11231.865653572882
56	10466.831530487012
57	10455.055774646098
58	10440.303083191113
59	11140.610757463306
60	11961.363333509938
61	12995.522071713438
62	13776.116651419534
63	13578.774360705074
64	12604.142901841578
65	11781.630390704637
66	10959.053279909791
67	10252.972267997602
68	9514.595996834374
69	8752.647472218401
70	8419.228434623485
71	8166.694524728923
72	7988.476310895176
73	7883.35781178943
74	7853.4227769099
75	7903.661311021749
76	8041.8243361512405
77	8275.044118628924
