"nt"	"nds"
1	24421.586671278837
2	22892.550713633373
3	21449.106635952594
4	20098.5781169772
5	18848.66295941452
6	17708.676182979485
7	16690.64332778909
8	15811.4501587928
9	15098.80284815575
10	15045.615049279384
11	14975.530620271209
12	14886.08490457846
13	14785.315124976221
14	14690.53461806628
15	15173.58628273434
16	15794.844448082249
17	16535.870501209414
18	17388.634050090735
19	18703.37585668075
20	19654.037517623776
21	21051.201007248794
22	22155.229351697442
23	23517.56739529018
24	24962.76001287293
25	26341.92340369928
26	27936.256659648017
27	28583.87880460777
28	27861.39473056869
29	26249.42104933067
30	24923.404046552954
31	23477.037582190358
32	22111.916211660016
33	21421.12512390124
34	20388.932077730093
35	19573.19568684873
36	19131.9481193977
37	18457.01463755687
38	17744.48798022245
39	17261.065028120935
40	16415.96712335424
41	15681.609457748273
42	15068.682665153949
43	14595.334730031907
44	14496.580874552406
45	14389.735522411996
46	14771.105131919714
47	15284.911136955114
48	15654.870055173917
49	15940.700273614702
50	16699.173274656852
51	17564.587722410462
52	18532.262103566805
53	19588.55533297335
54	20169.73853457767
55	21011.376401650687
56	21799.8667135304
57	22303.595031334815
58	23633.417949429208
59	25036.120983697725
60	26508.140758364512
61	28048.81710597017
62	29591.197609190316
63	31127.47158627546
64	31182.01037489458
65	29701.807962711675
66	28101.739796377955
67	26562.90393977358
68	25093.181315735237
69	23694.04517332151
70	22370.193169975646
71	21246.582060949688
72	19720.1478608774
73	18658.55731837547
74	17682.079667055157
75	17490.776771213066
76	17158.76134154772
77	16772.936092050575
78	16021.266913058242
79	15375.877842884494
80	14845.73058318972
81	14443.92859666453
82	14504.17604087066
83	14582.088220173717
84	14669.104916838502
85	14757.967323003326
86	14842.797497414369
87	14919.317754264326
88	14984.987805246983
89	15039.045501655206
90	15082.704926022545
91	15119.275040269946
92	15878.917708160026
93	16806.392288466697
94	17870.034783703086
95	19053.17380646017
96	20345.922452843686
97	21570.372981533776
98	23061.585411094595
99	23732.512488612185
100	23132.989289290126
101	21654.36371854439
102	20379.953361417534
103	19086.34403231016
104	17903.69710849393
105	16843.012429424227
106	15922.623282492532
107	15175.37670233909
108	15190.417792050848
109	15193.065859511802
110	15181.210684491
111	15158.726576875171
112	15875.584965929425
113	16758.568001162992
114	17779.735922801225
115	18922.273383637108
116	20174.13101353539
117	21525.974234474477
118	22970.119250679563
119	24499.290329534604
