Gaussian Denoiser Window Size: 2
Predicted sites number: 9
Predicted nucleotides number: 11

Site#1:
1
Site#2:
14
Site#3:
27
Site#4:
45
Site#5:
64
Site#6:
82
Site#7:
100
Site#8:
108
109
111
Site#9:
119

extremaRank	extremaLoc	extremaNt	extremaNDS_gd
1	45	45	14443.16
2	82	82	14474.05
3	14	14	14737.92
4	111	111	15169.97
5	108	108	15182.9
6	109	109	15191.74
7	100	100	23432.75
8	119	119	23734.7
9	1	1	24421.59
10	27	27	28260.07
11	64	64	31154.74

Gaussian Denoised Signal:
1	1	24421.59
2	2	23657.07
3	3	22170.83
4	4	20773.84
5	5	19473.62
6	6	18278.67
7	7	17199.66
8	8	16251.05
9	9	15455.13
10	10	15072.21
11	11	15010.57
12	12	14930.81
13	13	14835.7
14	14	14737.92
15	15	14932.06
16	16	15484.22
17	17	16165.36
18	18	16962.25
19	19	18046
20	20	19178.71
21	21	20352.62
22	22	21603.22
23	23	22836.4
24	24	24240.16
25	25	25652.34
26	26	27139.09
27	27	28260.07
28	28	28222.64
29	29	27055.41
30	30	25586.41
31	31	24200.22
32	32	22794.48
33	33	21766.52
34	34	20905.03
35	35	19981.06
36	36	19352.57
37	37	18794.48
38	38	18100.75
39	39	17502.78
40	40	16838.52
41	41	16048.79
42	42	15375.15
43	43	14832.01
44	44	14545.96
45	45	14443.16
46	46	14580.42
47	47	15028.01
48	48	15469.89
49	49	15797.79
50	50	16319.94
51	51	17131.88
52	52	18048.42
53	53	19060.41
54	54	19879.15
55	55	20590.56
56	56	21405.62
57	57	22051.73
58	58	22968.51
59	59	24334.77
60	60	25772.13
61	61	27278.48
62	62	28820.01
63	63	30359.33
64	64	31154.74
65	65	30441.91
66	66	28901.77
67	67	27332.32
68	68	25828.04
69	69	24393.61
70	70	23032.12
71	71	21808.39
72	72	20483.36
73	73	19189.35
74	74	18170.32
75	75	17586.43
76	76	17324.77
77	77	16965.85
78	78	16397.1
79	79	15698.57
80	80	15110.8
81	81	14644.83
82	82	14474.05
83	83	14543.13
84	84	14625.6
85	85	14713.54
86	86	14800.38
87	87	14881.06
88	88	14952.15
89	89	15012.02
90	90	15060.88
91	91	15100.99
92	92	15499.1
93	93	16342.65
94	94	17338.21
95	95	18461.6
96	96	19699.55
97	97	20958.15
98	98	22315.98
99	99	23397.05
100	100	23432.75
101	101	22393.68
102	102	21017.16
103	103	19733.15
104	104	18495.02
105	105	17373.35
106	106	16382.82
107	107	15549
108	108	15182.9
109	109	15191.74
110	110	15187.14
111	111	15169.97
112	112	15517.16
113	113	16317.08
114	114	17269.15
115	115	18351
116	116	19548.2
117	117	20850.05
118	118	22248.05
119	119	23734.7
====================

