"nt"	"nds"
1	11162.758425376885
2	10507.115102683167
3	9974.967394614388
4	9568.82675692686
5	9300.750541161511
6	9352.448542733126
7	9462.48890179051
8	9581.371940287676
9	9670.008319237962
10	9715.182087045065
11	10253.566194831245
12	10954.34410652961
13	11795.656578755461
14	12756.922610097787
15	13706.249071578477
16	13719.749437827022
17	12788.809291299454
18	11814.007442103743
19	10978.437158065795
20	10286.708284344206
21	9762.115267324352
22	9756.725568906002
23	9722.069736743799
24	10163.203327254723
25	10728.650040490804
26	11151.038072247924
27	11431.326860669458
28	12218.396342410948
29	13091.72274076075
30	14053.881109762937
31	15102.47014903427
32	16230.093937381233
33	17166.461479128302
34	18479.922000727656
35	19543.523943680164
36	19934.07641435667
37	19511.543080646068
38	18430.126599732368
39	17121.916035621183
40	16212.475605183523
41	15083.485297708507
42	14030.970151940892
43	13608.979153546445
44	13038.572833423843
45	12168.615900195597
46	11385.116501097873
47	10702.062824471315
48	10130.231088175338
49	9682.342205730018
50	9690.27159369153
51	9671.740838911981
52	9605.687975013818
53	9508.024242908317
54	9961.865491580518
55	10586.22175959348
56	11353.913759302854
57	12248.582549593055
58	13243.021370583512
59	14231.69969177021
60	14261.646589125336
61	13301.576443216232
62	12275.606024585384
63	11381.139991481446
64	10614.347359527474
65	9991.850963076773
66	9537.506307273083
67	9433.760188009852
68	9703.583681397984
69	10109.260403576722
70	10636.844352382712
71	11277.691294987897
72	11757.57922507813
73	12163.18946744765
74	13087.266789514015
75	14119.708370516993
76	15251.52121772292
77	16391.07839003492
78	17609.010740801474
79	17744.56733577275
80	16665.428684109793
81	15381.358071009452
82	14253.885698701488
83	13231.985230916787
84	12339.456847688623
85	13222.518714289237
86	14058.857667594702
87	14717.831960652975
88	15102.19328123464
89	15162.065901131886
90	14890.230534244301
91	14317.682248278146
92	13512.807755856244
93	12584.350447544688
94	11681.019183845447
95	10975.2671062008
96	10621.301647417722
