"nt"	"nds"
1	23024.90712136422
2	21805.63561617709
3	20653.819745141653
4	19578.15332581135
5	19114.58103845866
6	18270.177637676883
7	17206.30960916562
8	16195.67217720803
9	15576.031289272089
10	14876.146786271114
11	14253.72470678243
12	13701.587426574484
13	13216.851811357772
14	12798.871997518318
15	12448.393978112701
16	12167.635398208173
17	11961.235046748423
18	11838.767633139525
19	11982.271065647594
20	12192.229851365268
21	12372.924785683806
22	12472.148226415158
23	12488.085775546439
24	12474.787122336236
25	12864.982811690894
26	13162.046924558073
27	13376.61570498476
28	13965.714255455363
29	14627.618135779901
30	15358.198688531864
31	16155.081962599
32	17016.707693337885
33	17942.353695863858
34	18538.742680654646
35	18978.207164964137
36	20057.33020750512
37	21200.251944246476
38	22387.609779260543
39	23519.908791758025
40	23525.10538751543
41	22396.466790727984
42	21203.958979192685
43	20061.032934020408
44	18984.493568225153
45	17981.33482388833
46	17051.50300654758
47	16187.93441413894
48	15389.689760664021
49	14657.865573637982
50	13995.167466587709
51	13407.515568830151
52	12909.56608221803
53	12513.9308277255
54	12581.748876020902
55	12646.998756371584
56	12681.236659171725
57	12674.3321000292
58	13245.456056732975
59	14003.420939217314
60	14703.129673962789
61	14640.537851435867
62	13876.654912546262
63	13185.01959122944
64	12610.300930465266
65	12475.978362985672
66	12269.047118410745
67	12034.57230257094
68	11859.803302381366
69	11982.481879187375
70	12188.96100118268
71	12469.399418744855
72	12819.160795908952
73	13235.968447161502
74	13718.943566887338
75	14268.493143620422
76	14886.889623059455
77	15581.344853589797
78	15949.74746969517
79	16549.39503616977
80	17269.574443733825
81	18005.37594968098
82	18667.762490738853
83	19188.91284002224
84	19525.12293340046
85	19661.60359406219
86	20736.921571999323
87	21886.99205549329
88	23102.21411181082
89	24758.256938444898
