Gaussian Denoiser Window Size: 2
Predicted sites number: 7
Predicted nucleotides number: 7

Site#1:
1
Site#2:
18
Site#3:
40
Site#4:
54
Site#5:
61
Site#6:
69
Site#7:
89

extremaRank	extremaLoc	extremaNt	extremaNDS_gd
1	18	18	11900
2	69	69	11921.14
3	54	54	12547.84
4	61	61	14671.83
5	1	1	23024.91
6	40	40	23522.51
7	89	89	23930.24

Gaussian Denoised Signal:
1	1	23024.91
2	2	22415.27
3	3	21229.73
4	4	20115.99
5	5	19346.37
6	6	18692.38
7	7	17738.24
8	8	16700.99
9	9	15885.85
10	10	15226.09
11	11	14564.94
12	12	13977.66
13	13	13459.22
14	14	13007.86
15	15	12623.63
16	16	12308.01
17	17	12064.44
18	18	11900
19	19	11910.52
20	20	12087.25
21	21	12282.58
22	22	12422.54
23	23	12480.12
24	24	12481.44
25	25	12669.88
26	26	13013.51
27	27	13269.33
28	28	13671.16
29	29	14296.67
30	30	14992.91
31	31	15756.64
32	32	16585.89
33	33	17479.53
34	34	18240.55
35	35	18758.47
36	36	19517.77
37	37	20628.79
38	38	21793.93
39	39	22953.76
40	40	23522.51
41	41	22960.79
42	42	21800.21
43	43	20632.5
44	44	19522.76
45	45	18482.91
46	46	17516.42
47	47	16619.72
48	48	15788.81
49	49	15023.78
50	50	14326.52
51	51	13701.34
52	52	13158.54
53	53	12711.75
54	54	12547.84
55	55	12614.37
56	56	12664.12
57	57	12677.78
58	58	12959.89
59	59	13624.44
60	60	14353.28
61	61	14671.83
62	62	14258.6
63	63	13530.84
64	64	12897.66
65	65	12543.14
66	66	12372.51
67	67	12151.81
68	68	11947.19
69	69	11921.14
70	70	12085.72
71	71	12329.18
72	72	12644.28
73	73	13027.56
74	74	13477.46
75	75	13993.72
76	76	14577.69
77	77	15234.12
78	78	15765.55
79	79	16249.57
80	80	16909.48
81	81	17637.48
82	82	18336.57
83	83	18928.34
84	84	19357.02
85	85	19593.36
86	86	20199.26
87	87	21311.96
88	88	22494.6
89	89	23930.24
====================

