"nt"	"nds"
1	12288.914910469117
2	11361.056562484311
3	10500.479610092887
4	9710.895333044697
5	8995.633248523083
6	8358.70303136424
7	7805.52622834036
8	7344.086491157816
9	6987.365772863288
10	7019.074878700857
11	7026.152245062758
12	6985.773500521352
13	6933.923577912479
14	7269.488183956713
15	7708.184820200062
16	8235.006808428792
17	8843.412583205745
18	9533.449616165144
19	10061.211952653708
20	10892.400506940576
21	11731.779546644639
22	12341.912880324495
23	12574.858022939445
24	12378.320756333047
25	11794.993506958523
26	10963.782417340557
27	10116.968775327929
28	9553.966644359265
29	8863.970807852786
30	8254.95029503035
31	7726.115854487143
32	7282.932005963269
33	6940.2107103870785
34	6977.504924701588
35	7026.307265032663
36	7071.2989040820985
37	7102.340891153229
38	7113.952929584217
39	7105.2813210904615
40	7079.929314499763
41	7046.436161870777
42	7018.844428202349
43	7396.3015808448545
44	7876.142206364174
45	8443.410492316838
46	9091.833648647444
47	9820.27918124977
48	10478.432348256152
49	11382.481477795718
50	12103.733420185288
51	12361.089739347
52	12064.379254405512
53	11319.757525814042
54	10421.385832962284
55	9798.13476592291
56	9069.539776365647
57	8421.874088029312
58	7857.1426529143055
59	7383.055500155739
60	7014.966945130941
61	7054.89313572875
62	7048.757323049869
63	6994.958153278099
64	7349.557490017432
65	7809.681498921436
66	8362.223710998105
67	8998.892528543707
68	9714.086903909529
69	10503.699762269483
70	11364.348478235786
71	12292.292840699516
