Gaussian Denoiser Window Size: 2
Predicted sites number: 7
Predicted nucleotides number: 8

Site#1:
9
Site#2:
24
Site#3:
40
Site#4:
44
46
Site#5:
59
Site#6:
72
Site#7:
80

extremaRank	extremaLoc	extremaNt	extremaNDS_gd
1	40	40	8933.48
2	9	9	9000.51
3	46	46	9166.76
4	44	44	9185.33
5	72	72	9233.62
6	80	80	13363.6
7	59	59	17341.7
8	24	24	18171.94

Gaussian Denoised Signal:
1	1	12714.86
2	2	12272.08
3	3	11432.18
4	4	10687.78
5	5	10048.42
6	6	9527.49
7	7	9261.45
8	8	9149.85
9	9	9000.51
10	10	9033.41
11	11	9295.68
12	12	9645.82
13	13	10077.02
14	14	10609.56
15	15	11249.91
16	16	11777.67
17	17	12332.21
18	18	13108.61
19	19	13954.05
20	20	14755.13
21	21	15616.47
22	22	16642.7
23	23	17669.72
24	24	18171.94
25	25	17676.3
26	26	16649.64
27	27	15621.54
28	28	14763.84
29	29	13963.24
30	30	13114.94
31	31	12338.18
32	32	11848.05
33	33	11495.97
34	34	10984.86
35	35	10501.07
36	36	10061.19
37	37	9630.57
38	38	9279.14
39	39	9013.39
40	40	8933.48
41	41	9008.11
42	42	9092.37
43	43	9156.2
44	44	9185.33
45	45	9182.33
46	46	9166.76
47	47	9331.08
48	48	9723.17
49	49	10207.24
50	50	10746.03
51	51	11355.12
52	52	11887.77
53	53	12480.65
54	54	13305.53
55	55	14202.44
56	56	15077.83
57	57	16035.56
58	58	16956.77
59	59	17341.7
60	60	16998.86
61	61	16094.94
62	62	15119.24
63	63	14225.97
64	64	13328.98
65	65	12504.02
66	66	11927.71
67	67	11412
68	68	10786.43
69	69	10231.32
70	70	9749.08
71	71	9360.91
72	72	9233.62
73	73	9303.85
74	74	9330.48
75	75	9556.69
76	76	10076.13
77	77	10714.37
78	78	11457.47
79	79	12295.27
80	80	13363.6
====================

