"nt"	"nds"
1	12714.862147090145
2	11829.29820886665
3	11035.064744329828
4	10340.501802769428
5	9756.334419811255
6	9298.63631649786
7	9224.2649302728
8	9075.433239751026
9	8925.579105690822
10	9141.23567987724
11	9450.129025196631
12	9841.509334597451
13	10312.529340327594
14	10906.588351641534
15	11593.232150454947
16	11962.108332718428
17	12702.314585554484
18	13514.914737320833
19	14393.193651045116
20	15117.061571084634
21	16115.880394250531
22	17169.526252036274
23	18169.916345332138
24	18173.966392325074
25	17178.63528069335
26	16120.63924645379
27	15122.449139573127
28	14405.240433640709
29	13521.234715110457
30	12708.647219706087
31	11967.703424204674
32	11728.3910305318
33	11263.557030241644
34	10706.153866609953
35	10295.993622259366
36	9826.390196587849
37	9434.759558983684
38	9123.523653121756
39	8903.265349658612
40	8963.686184881797
41	9052.53433220596
42	9132.212809991819
43	9180.187379093444
44	9190.480544894082
45	9174.17986650286
46	9159.332283443167
47	9502.835025791823
48	9943.514137610535
49	10470.965323460843
50	11021.089497269957
51	11689.147822917315
52	12086.395405231528
53	12874.895296843946
54	13736.164268347598
55	14668.719530607495
56	15486.950132199263
57	16584.166321330857
58	17329.379756542214
59	17354.02576000504
60	16643.690251208693
61	15546.191838855508
62	14692.285720325097
63	13759.64768915063
64	12898.305705065022
65	12109.73897530992
66	11745.684916498718
67	11078.315645919998
68	10494.538889011917
69	9968.109779078213
70	9530.058021785362
71	9191.752759489515
72	9275.483906713225
73	9332.212963652162
74	9328.74953900571
75	9784.623092476875
76	10367.63051804433
77	11061.11275978374
78	11853.83311913093
79	12736.716651633435
80	13990.477476967711
