"nt"	"nds"
1	14706.672566883248
2	13580.051910836068
3	12562.098660186763
4	11671.54585297783
5	10940.075502396265
6	10914.92641615226
7	10885.085368561655
8	10846.435393586187
9	10800.2820631416
10	10753.102327266422
11	11392.220756108856
12	12182.403514320786
13	13101.774131653548
14	14197.433930200554
15	15138.580307371465
16	15016.635686506885
17	13961.48284653882
18	12997.407525157527
19	12086.359563735394
20	11309.093731661767
21	10685.755162180161
22	10530.99539052958
23	10336.149680572158
24	10764.794031381092
25	11310.130151901194
26	11712.483021756834
27	11991.396805016699
28	12759.696566452387
29	13616.586926106873
30	14564.335357674456
31	15600.68378678895
32	16718.660881951924
33	17629.231635178443
34	18932.851963563615
35	20006.559447400425
36	20417.19984483846
37	20013.65085119472
38	18944.483472931046
39	17639.93925217445
40	16722.641679620945
41	15603.80107669438
42	14563.994118792463
43	14152.415358476954
44	13587.34662133565
45	12734.671347857855
46	11970.609445049486
47	11308.723246991525
48	10757.845908619436
49	10325.157841543205
50	10412.480211479571
51	10527.473081310636
52	10617.020527454933
53	10677.195366075319
54	11305.877959965366
55	12084.498724335046
56	12988.62508284867
57	14003.4481816456
58	15056.585500728612
59	16172.176438943945
60	16279.660974423336
61	15267.518501515699
62	14099.071039792309
63	13080.141553888217
64	12169.003928734754
65	11379.078419411773
66	10736.192913302508
67	10774.960635980302
68	10816.73786267792
69	10855.833864738823
70	10889.03976236332
71	10915.367490517987
72	10936.192431716365
73	10955.292718431678
74	11700.581735430196
75	12604.652692993504
76	13635.23494977027
77	14750.176687865931
78	15855.943558888754
79	15895.183589800043
80	14828.509066583314
81	13671.551003239994
82	12640.683270443418
83	11735.692201113407
84	10988.92245481398
85	11003.751591718743
86	11016.541517664318
87	11023.051003127413
88	11021.37822333393
89	11011.560450591622
90	10995.659653826157
91	10977.996701255026
92	11714.96227024601
93	12608.385236550164
94	13626.180500284443
95	14749.606598777917
96	16095.693626428825
97	16856.16804862912
