"nt"	"nds"
1	8013.285047090375
2	7929.788971848598
3	7854.824727010312
4	8271.314321650598
5	8835.14602271613
6	9522.198759177676
7	10320.654442475532
8	11085.421378725458
9	12097.722416256285
10	12772.127760200494
11	12771.816140676756
12	12096.226378449743
13	11083.82223978265
14	10320.7419219676
15	9524.807951047698
16	8843.087917796232
17	8288.849963497378
18	7884.064276867882
19	7848.834511995984
20	8196.755225346455
21	8681.58614742244
22	9282.773272260969
23	9986.28762398242
24	10783.25143900325
25	11669.844352910344
26	12467.945910214803
27	13553.837395515462
28	14410.2654134705
29	14699.679181969805
30	14321.508741523472
31	13415.03323198097
32	12343.640801289332
33	11621.476944069082
34	10733.516527212487
35	9934.647699345383
36	9228.257035760642
37	8622.563690915185
38	8130.8154671435495
39	7775.385731334107
40	7852.253668392199
41	7945.36848846799
42	8011.180945304786
43	8036.565978866991
44	8038.434587811771
45	8496.756123334642
46	9082.364224266434
47	9503.347501453352
48	9815.88191819198
49	10640.078913758001
50	11362.619959396443
51	12390.664645015251
52	13235.01410436902
53	13559.515425930038
54	13245.481704769965
55	12404.964140904562
56	11374.225048551649
57	10645.591012584142
58	9825.648246162596
59	9118.69595450431
60	8532.81944027005
61	8078.827550218792
62	8118.35142982853
63	8134.7622174857715
64	8126.135805737604
65	8608.751429670872
66	9220.50086455106
67	9939.875369769858
68	10754.988600684535
69	11660.092084687056
70	12490.930406554795
71	13585.664131435651
72	14311.96161003061
73	14313.220670241313
74	13590.329556887205
75	12497.804685430656
76	11663.424065000572
77	10758.536558890788
78	9942.923964270098
79	9221.424886049308
80	8604.616701400526
81	8113.206685227585
82	8126.707564249439
83	8132.945103369549
84	8121.183402034974
