Gaussian Denoiser Window Size: 2
Predicted sites number: 9
Predicted nucleotides number: 12

Site#1:
1
3
Site#2:
11
Site#3:
19
Site#4:
29
Site#5:
40
Site#6:
54
Site#7:
62
Site#8:
73
Site#9:
82
83
84

extremaRank	extremaLoc	extremaNt	extremaNDS_gd
1	40	40	7813.82
2	19	19	7866.45
3	3	3	7892.31
4	1	1	8013.29
5	62	62	8098.59
6	82	82	8119.96
7	84	84	8127.06
8	83	83	8129.83
9	11	11	12771.97
10	54	54	13402.5
11	73	73	14312.59
12	29	29	14554.97

Gaussian Denoised Signal:
1	1	8013.29
2	2	7971.54
3	3	7892.31
4	4	8063.07
5	5	8553.23
6	6	9178.67
7	7	9921.43
8	8	10703.04
9	9	11591.57
10	10	12434.93
11	11	12771.97
12	12	12434.02
13	13	11590.02
14	14	10702.28
15	15	9922.77
16	16	9183.95
17	17	8565.97
18	18	8086.46
19	19	7866.45
20	20	8022.79
21	21	8439.17
22	22	8982.18
23	23	9634.53
24	24	10384.77
25	25	11226.55
26	26	12068.9
27	27	13010.89
28	28	13982.05
29	29	14554.97
30	30	14510.59
31	31	13868.27
32	32	12879.34
33	33	11982.56
34	34	11177.5
35	35	10334.08
36	36	9581.45
37	37	8925.41
38	38	8376.69
39	39	7953.1
40	40	7813.82
41	41	7898.81
42	42	7978.27
43	43	8023.87
44	44	8037.5
45	45	8267.6
46	46	8789.56
47	47	9292.86
48	48	9659.61
49	49	10227.98
50	50	11001.35
51	51	11876.64
52	52	12812.84
53	53	13397.26
54	54	13402.5
55	55	12825.22
56	56	11889.59
57	57	11009.91
58	58	10235.62
59	59	9472.17
60	60	8825.76
61	61	8305.82
62	62	8098.59
63	63	8126.56
64	64	8130.45
65	65	8367.44
66	66	8914.63
67	67	9580.19
68	68	10347.43
69	69	11207.54
70	70	12075.51
71	71	13038.3
72	72	13948.81
73	73	14312.59
74	74	13951.78
75	75	13044.07
76	76	12080.61
77	77	11210.98
78	78	10350.73
79	79	9582.17
80	80	8913.02
81	81	8358.91
82	82	8119.96
83	83	8129.83
84	84	8127.06
====================

