"nt"	"nds"
1	1462.7233311834427
2	1294.7501960966924
3	1125.66322157944
4	1003.482862972096
5	993.7872990720246
6	1056.938480690942
7	1188.3088308694341
8	1409.9073862873379
9	1636.314940985401
10	1723.9946602166444
11	1630.3807712051819
12	1401.615808446543
13	1184.3385990373506
14	1052.274873403196
15	988.1656825474224
16	996.467700209972
17	1105.167100583323
18	1261.9645171697318
19	1419.5470374970062
20	1551.3177108580048
21	1641.5714352517923
22	1681.528304739918
23	1667.8675429391096
