Gaussian Denoiser Window Size: 2
Predicted sites number: 6
Predicted nucleotides number: 6

Site#1:
8
Site#2:
16
Site#3:
22
Site#4:
31
Site#5:
44
Site#6:
61

extremaRank	extremaLoc	extremaNt	extremaNDS_gd
1	44	44	6608.47
2	8	8	6661.75
3	22	22	7188.66
4	16	16	9888.08
5	31	31	12309.5
6	61	61	13583.51

Gaussian Denoised Signal:
1	1	8505.47
2	2	8311.05
3	3	7892.42
4	4	7455.13
5	5	7095.52
6	6	6857.29
7	7	6717
8	8	6661.75
9	9	6692.84
10	10	6847.22
11	11	7151.03
12	12	7587.63
13	13	8141.62
14	14	8785.52
15	15	9487.32
16	16	9888.08
17	17	9603
18	18	8900.1
19	19	8218.09
20	20	7670.25
21	21	7246.45
22	22	7188.66
23	23	7350.49
24	24	7615.32
25	25	8108.18
26	26	8687.2
27	27	9344.42
28	28	10075.98
29	29	10853.83
30	30	11690.63
31	31	12309.5
32	32	12287.17
33	33	11642.7
34	34	10818.45
35	35	10057.82
36	36	9329.41
37	37	8676.01
38	38	8101.29
39	39	7612.25
40	40	7309.17
41	41	7052.97
42	42	6775.92
43	43	6636.89
44	44	6608.47
45	45	6667.38
46	46	6810.5
47	47	7008.95
48	48	7299.36
49	49	7694.96
50	50	8100.34
51	51	8445.87
52	52	8692.26
53	53	8834.1
54	54	9173.85
55	55	9798.47
56	56	10495.37
57	57	11260.37
58	58	12046.44
59	59	12893.92
60	60	13559.27
61	61	13583.51
62	62	12949.92
63	63	12092.42
64	64	11289.86
65	65	10527.31
66	66	9833.55
67	67	9212.74
68	68	8914.19
====================

