"nt"	"nds"
1	33846.66714981275
2	32914.68526082638
3	31538.021770489024
4	30246.35516496534
5	29038.98044819721
6	27924.32940205029
7	26924.506160800596
8	26833.524347552404
9	27877.567728906757
10	27869.312131242637
11	26797.286917507565
12	26851.976196161344
13	27889.06288622283
14	29210.180793580716
15	30259.997439768526
16	29998.578748882897
17	28678.16731523759
18	27633.926098435448
19	26573.597598023818
20	25476.993500372108
21	24436.52847104507
22	23892.95596339541
23	23283.444789024743
24	22752.985647472953
25	22296.607196482062
26	21916.82561171129
27	21985.599469334767
28	21988.60295424519
29	21871.656957012812
30	21639.204837707875
31	21355.95747955265
32	21130.159597088685
33	21081.44072139179
34	21108.850240700427
35	21309.18809397621
36	21420.45752477441
37	21390.80745269759
38	21636.961710345808
39	21954.071979239605
40	22343.87908011844
41	22814.328339116153
42	23170.65001774099
43	23724.311097411715
44	24367.052550226294
45	24999.867164444564
46	25544.791019937747
47	25951.80624559985
48	26205.415195070174
49	27242.60239055009
50	28406.866693968826
51	29680.735519186474
52	31054.274385379205
53	32521.581225276408
54	33826.389382129906
55	35494.19240561206
56	36302.97928970508
57	35696.18277700643
58	34069.87306021832
59	32622.067671307104
60	31153.474161121445
61	29780.517153053188
62	28510.321989589018
63	27354.517566060025
64	26333.218015513667
65	26329.153276092064
66	26286.143840729033
67	26205.454145163196
68	27143.04662789232
69	28217.4006260248
70	29409.941442347375
71	30709.434310439832
72	32108.861440461817
73	33607.36184993326
74	35133.62273338226
75	35568.99340032215
76	34639.43904958059
77	32995.11573534887
78	31850.13900292325
79	30448.878440802877
80	29146.206817916514
81	27948.4318815397
82	26865.779905204683
83	25914.157286265847
84	25252.547154588545
85	24314.82398172982
86	23354.199829047084
87	22772.165018158597
88	22295.98765801903
89	21901.981505005722
90	21582.682709556728
91	21336.58693711709
92	21257.389084065133
93	21056.128233180218
94	21027.155762405167
95	21077.037487606718
96	21315.15997184616
97	21622.671540418985
98	21797.8402418946
99	21852.046847932932
100	22229.681511935043
101	22685.520992562608
102	23216.971149236
103	23828.264233185055
104	24436.418703619496
105	25650.57736395155
106	26763.650185588725
107	27762.994368836622
108	28869.11829759418
109	30069.02234167689
110	31355.22123242178
111	32727.70208341002
112	33308.290440835044
113	34482.2690287084
114	35988.41843919936
115	37552.31243059808
116	38925.45018129328
117	39910.976133329495
118	40376.078847448116
119	40258.34677666867
120	39568.1649587513
121	38390.61903416535
122	36885.17258669598
