"nt"	"nds"
1	32777.385897362314
2	31859.365448972057
3	30512.49868313139
4	29250.527391061627
5	28072.68434322737
6	26987.352802021727
7	26016.269536028383
8	25927.93606402755
9	26945.061245445315
10	26940.805262635866
11	25895.727138355604
12	25951.81539603122
13	26963.674859907755
14	28257.22307445799
15	29286.083056939282
16	29030.83142634064
17	27738.024938429968
18	26714.77098908087
19	25680.360382487434
20	24625.184911702767
21	23616.122697229966
22	23083.718074622884
23	22503.406040001464
24	22002.051976393686
25	21574.786788115933
26	21224.0495548312
27	21303.804806464734
28	21325.516235897456
29	21231.769293267756
30	21022.606556886814
31	20758.263284571563
32	20542.913168476898
33	20522.63752696056
34	20578.333898885438
35	20797.126328712955
36	20931.75473298754
37	20917.83396097613
38	21191.371517477142
39	21535.454509317286
40	21951.65467792511
41	22447.759478184995
42	22806.911709756532
43	23364.714737595983
44	24014.387912108632
45	24657.75736505536
46	25215.91192822605
47	25637.01030353836
48	25902.22862928053
49	26958.834295334305
50	28143.77314638697
51	29439.18750497913
52	30834.477781266036
53	32321.813455705706
54	33988.62277217307
55	35128.11888176158
56	34181.96988741035
57	32426.316776882166
58	30937.87299115749
59	29543.54444523036
60	28252.52183363409
61	27076.99409235592
62	26037.662346517456
63	26034.99849224586
64	25998.430369119862
65	25929.21596501635
66	26887.768011022017
67	27979.580225012716
68	29185.589263910126
69	30494.782963110065
70	31899.809778935756
71	33399.319697352366
72	34924.31084395846
73	35359.54781041305
74	34433.477728071215
75	32790.958148752536
76	31642.918054262136
77	30236.70237036652
78	28925.444323995922
79	27715.528508517466
80	26617.2048446762
81	25646.692257699106
82	24974.287992295343
83	24005.93982954911
84	23008.60320087248
85	22404.26161243163
86	21902.073252884384
87	21481.437881584643
88	21135.033911544375
89	20861.47343597844
90	20752.9779193374
91	20524.135660920256
92	20466.854548797255
93	20488.25843080769
94	20705.162678226057
95	20979.32314502663
96	21122.930930381
97	21159.074629836887
98	21507.730965290695
99	21934.52093544899
100	22436.893086079806
101	23019.067420494528
102	23612.61973194594
103	24788.072581084685
104	25855.682842143542
105	26826.129806336405
106	27903.16655980827
107	29073.73511577755
108	30330.333024107636
109	31673.259528852916
110	32241.702441595044
111	33392.99931770771
112	34870.33144041297
113	36404.37517611635
114	37751.696769675604
115	38719.23580679964
116	39177.08942709492
117	39064.01480852892
118	38389.87309700375
119	37237.15610290782
120	35761.571522856895
