Gaussian Denoiser Window Size: 2
Predicted sites number: 11
Predicted nucleotides number: 14

Site#1:
1
Site#2:
8
10
12
Site#3:
16
Site#4:
27
28
Site#5:
33
Site#6:
56
Site#7:
65
Site#8:
73
Site#9:
93
Site#10:
117
Site#11:
120

extremaRank	extremaLoc	extremaNt	extremaNDS_gd
1	93	93	20477.56
2	33	33	20532.78
3	27	27	21263.93
4	28	28	21314.66
5	12	12	25923.77
6	65	65	25963.82
7	8	8	25972.1
8	10	10	26942.93
9	16	16	29158.46
10	1	1	32777.39
11	56	56	34655.04
12	73	73	35141.93
13	120	120	36499.36
14	117	117	39120.55

Gaussian Denoised Signal:
1	1	32777.39
2	2	32318.38
3	3	31185.93
4	4	29881.51
5	5	28661.61
6	6	27530.02
7	7	26501.81
8	8	25972.1
9	9	26436.5
10	10	26942.93
11	11	26418.27
12	12	25923.77
13	13	26457.75
14	14	27610.45
15	15	28771.65
16	16	29158.46
17	17	28384.43
18	18	27226.4
19	19	26197.57
20	20	25152.77
21	21	24120.65
22	22	23349.92
23	23	22793.56
24	24	22252.73
25	25	21788.42
26	26	21399.42
27	27	21263.93
28	28	21314.66
29	29	21278.64
30	30	21127.19
31	31	20890.43
32	32	20650.59
33	33	20532.78
34	34	20550.49
35	35	20687.73
36	36	20864.44
37	37	20924.79
38	38	21054.6
39	39	21363.41
40	40	21743.55
41	41	22199.71
42	42	22627.34
43	43	23085.81
44	44	23689.55
45	45	24336.07
46	46	24936.83
47	47	25426.46
48	48	25769.62
49	49	26430.53
50	50	27551.3
51	51	28791.48
52	52	30136.83
53	53	31578.15
54	54	33155.22
55	55	34558.37
56	56	34655.04
57	57	33304.14
58	58	31682.09
59	59	30240.71
60	60	28898.03
61	61	27664.76
62	62	26557.33
63	63	26036.33
64	64	26016.71
65	65	25963.82
66	66	26408.49
67	67	27433.67
68	68	28582.58
69	69	29840.19
70	70	31197.3
71	71	32649.56
72	72	34161.82
73	73	35141.93
74	74	34896.51
75	75	33612.22
76	76	32216.94
77	77	30939.81
78	78	29581.07
79	79	28320.49
80	80	27166.37
81	81	26131.95
82	82	25310.49
83	83	24490.11
84	84	23507.27
85	85	22706.43
86	86	22153.17
87	87	21691.76
88	88	21308.24
89	89	20998.25
90	90	20807.23
91	91	20638.56
92	92	20495.5
93	93	20477.56
94	94	20596.71
95	95	20842.24
96	96	21051.13
97	97	21141
98	98	21333.4
99	99	21721.13
100	100	22185.71
101	101	22727.98
102	102	23315.84
103	103	24200.35
104	104	25321.88
105	105	26340.91
106	106	27364.65
107	107	28488.45
108	108	29702.03
109	109	31001.8
110	110	31957.48
111	111	32817.35
112	112	34131.67
113	113	35637.35
114	114	37078.04
115	115	38235.47
116	116	38948.16
117	117	39120.55
118	118	38726.94
119	119	37813.51
120	120	36499.36
====================

