Gaussian Denoiser Window Size: 2
Predicted sites number: 10
Predicted nucleotides number: 14

Site#1:
1
Site#2:
17
18
Site#3:
24
Site#4:
42
Site#5:
51
52
53
Site#6:
62
Site#7:
79
Site#8:
85
86
Site#9:
102
Site#10:
108

extremaRank	extremaLoc	extremaNt	extremaNDS_gd
1	79	79	16328.62
2	24	24	16328.64
3	17	17	17648.31
4	86	86	17650.24
5	18	18	17656.8
6	85	85	17660.66
7	53	53	19022.66
8	51	51	19041.58
9	52	52	19047.4
10	1	1	26679.7
11	62	62	26774.69
12	108	108	27281.27
13	42	42	27944
14	102	102	32826.12

Gaussian Denoised Signal:
1	1	26679.7
2	2	26504.42
3	3	26156.67
4	4	25419.61
5	5	24322.61
6	6	23291.18
7	7	22681.83
8	8	22364.01
9	9	21884.3
10	10	21336.8
11	11	20862.44
12	12	20291.01
13	13	19580.38
14	14	18937.29
15	15	18362.78
16	16	17862.47
17	17	17648.31
18	18	17656.8
19	19	17585.7
20	20	17396.59
21	21	17099.84
22	22	16755.38
23	23	16465.53
24	24	16328.64
25	25	16333.32
26	26	16426.66
27	27	16601.55
28	28	16856.33
29	29	17146.84
30	30	17510.68
31	31	17966.65
32	32	18399.42
33	33	18733.61
34	34	19262.72
35	35	20111.93
36	36	21079.06
37	37	22149.92
38	38	23315.55
39	39	24569.83
40	40	25857.17
41	41	27183.13
42	42	27944
43	43	27401.47
44	44	26068.75
45	45	24703.2
46	46	23448.8
47	47	22284.08
48	48	21216.05
49	49	20254.84
50	50	19416.72
51	51	19041.58
52	52	19047.4
53	53	19022.66
54	54	19375.85
55	55	20189.3
56	56	21128.16
57	57	22179.92
58	58	23232.97
59	59	24414.1
60	60	25684.99
61	61	26569.09
62	62	26774.69
63	63	26246.51
64	64	25161.21
65	65	23889.58
66	66	22911.09
67	67	22003.88
68	68	20949.09
69	69	20005.42
70	70	19183.68
71	71	18544.78
72	72	17922.95
73	73	17288.53
74	74	16866.09
75	75	16608.38
76	76	16430.2
77	77	16355.71
78	78	16328.76
79	79	16328.62
80	80	16469.92
81	81	16764.41
82	82	17110.43
83	83	17405.59
84	84	17591.97
85	85	17660.66
86	86	17650.24
87	87	17863.5
88	88	18364.03
89	89	18939.39
90	90	19584.73
91	91	20300.41
92	92	21246.35
93	93	22275.48
94	94	23232.35
95	95	24264.52
96	96	25369.89
97	97	26557.12
98	98	27833.73
99	99	29194.91
100	100	30560.08
101	101	31970.92
102	102	32826.12
103	103	32301.34
104	104	30885.55
105	105	29819.75
106	106	29102.3
107	107	28008.58
108	108	27281.27
====================

