"nt"	"nds"
1	26679.701087379057
2	26329.13474171617
3	25984.198108942368
4	24855.022788200135
5	23790.191530028973
6	22792.1772506551
7	22571.48867886347
8	22156.523298052252
9	21612.07023117211
10	21061.534599554176
11	20663.343034618436
12	19918.68124514936
13	19242.07133033204
14	18632.51713518224
15	18093.04124491212
16	17631.896499126506
17	17664.72523579948
18	17648.86978194448
19	17522.53752584498
20	17270.651747969598
21	16929.03596953673
22	16581.72414432352
23	16349.332983505537
24	16307.948774235752
25	16358.686358965304
26	16494.624731434567
27	16708.468839251167
28	17004.181549052868
29	17289.491467105003
30	17731.870822890844
31	18201.432067988364
32	18597.405070334706
33	18869.809365820864
34	19655.62769372439
35	20568.23326583276
36	21589.893526713167
37	22709.954079989493
38	23921.136600608042
39	25218.515819771605
40	26495.820141853455
41	27870.448939012316
42	28017.554846502084
43	26785.386434966586
44	25352.111460034223
45	24054.297130476945
46	22843.304498273024
47	21724.862559348876
48	20707.241132626972
49	19802.43882104336
50	19030.994026108474
51	19052.17571182809
52	19042.622359362605
53	19002.69750238546
54	19749.000198170925
55	20629.59298683342
56	21626.728964754
57	22733.109277472373
58	23732.822890796622
59	25095.37533951252
60	26274.605068897563
61	26863.581853843665
62	26685.803809864796
63	25807.21260253395
64	24515.199990301982
65	23263.969767106584
66	22558.2094123488
67	21449.541034651218
68	20448.646268183595
69	19562.19360862875
70	18805.156514380862
71	18284.40634335561
72	17561.499006358346
73	17015.56605811788
74	16716.608060485712
75	16500.144668478828
76	16360.24561602823
77	16351.1837620883
78	16306.342622631437
79	16350.898370543755
80	16588.950995277057
81	16939.8734687947
82	17280.988732015114
83	17530.186693534495
84	17653.745214374587
85	17667.580236594556
86	17632.90577562553
87	18094.09239306065
88	18633.960131084932
89	19244.820509170982
90	19924.645233105424
91	20676.17463592302
92	21816.530118454957
93	22734.42376050501
94	23730.277626195508
95	24798.753373861542
96	25941.03373204444
97	27173.209817100702
98	28494.24624403404
99	29895.5754447209
100	31224.576396132175
101	32717.263942421163
102	32934.97377498436
103	31667.711023406526
104	30103.3860760199
105	29536.11752777399
106	28668.473269754297
107	27348.69659095593
108	27213.842096752807
