"nt"	"nds"
1	19678.375759957587
2	19021.155222850666
3	18391.49735301839
4	17858.854700621807
5	17492.354013114837
6	16797.059102713312
7	16206.426328610269
8	15725.159808305407
9	15374.34017675748
10	15651.012199081497
11	16018.746466725148
12	16747.157470462545
13	17661.625558941396
14	18761.9143431187
15	19810.627667545734
16	19771.89952451582
17	18657.595789341467
18	17596.06249654483
19	16661.653805257345
20	15913.569705195161
21	15840.903197313735
22	15832.462276708335
23	16599.401096341204
24	17546.864828489757
25	18545.684594111866
26	18566.234929627466
27	17592.999647251007
28	16617.21246287436
29	15832.262636889871
30	15580.032389811062
31	15350.859201696581
32	15156.766068366664
33	15007.597262788951
34	14908.236633060857
35	15015.296246998461
36	15242.822657681523
37	15573.955504978408
38	15989.637196602409
39	16559.591120291552
40	17113.79463041218
41	17531.036043432716
42	17762.439065131763
43	18675.072017547598
44	19720.520279683962
45	20879.77533022019
46	22141.2849096415
47	23496.755092187264
48	24940.70133812769
49	26417.774121328
50	27877.29481288418
51	27919.44927253929
52	26497.280617450557
53	24975.518804515144
54	23530.094702047707
55	22174.17213298382
56	20914.57262807209
57	19760.513960241173
58	18724.94072015292
59	17829.830278272344
60	17805.096072459808
61	17757.839982739075
62	17689.433056271002
63	18460.03164907243
64	19376.166378701404
65	20419.170403640815
66	21580.86440306547
67	22686.47006892839
68	24140.84079884245
69	25364.73633810029
70	25938.45539322388
71	25692.50852445347
72	24715.453122809075
73	23328.631823837644
74	22024.10326928843
75	21332.160092371785
76	20165.15750088677
77	19114.82267389657
78	18188.727639348097
79	17403.204645531627
80	16776.75073655297
81	15992.035147790424
82	15482.338359547452
83	15153.232090908874
84	14933.363433738541
85	14833.45544557684
86	15039.8808801271
87	15234.589441096432
88	15594.011270968473
89	16076.340886554417
90	16669.86689393632
91	17371.40223131599
92	18087.33484626025
93	19347.569812850295
94	20561.31750163688
95	21340.423924207393
96	22468.45147261226
97	23686.290498521892
98	24989.458266920705
99	26378.05500810568
100	27185.41791501967
101	28663.926535510866
102	30205.19459384608
103	31267.22055511628
104	31510.49713776292
105	30853.472493570593
106	29488.670343322912
107	27869.06013025625
108	26636.12246106842
109	25251.191256545764
110	24743.12548007642
111	23921.30456862902
112	22711.486431249767
113	21586.648834748292
114	21601.152002005645
115	21482.938678517934
116	21221.106332006846
117	20820.54015380128
