Gaussian Denoiser Window Size: 2
Predicted sites number: 10
Predicted nucleotides number: 10

Site#1:
10
Site#2:
16
Site#3:
22
Site#4:
26
Site#5:
34
Site#6:
51
Site#7:
62
Site#8:
71
Site#9:
85
Site#10:
104

extremaRank	extremaLoc	extremaNt	extremaNDS_gd
1	85	85	14883.41
2	34	34	14957.92
3	10	10	15512.68
4	22	22	15836.68
5	62	62	17723.64
6	26	26	18555.96
7	16	16	19791.26
8	71	71	25815.48
9	51	51	27898.37
10	104	104	31388.86

Gaussian Denoised Signal:
1	1	19678.38
2	2	19349.77
3	3	18706.33
4	4	18125.18
5	5	17675.6
6	6	17144.71
7	7	16501.74
8	8	15965.79
9	9	15549.75
10	10	15512.68
11	11	15834.88
12	12	16382.95
13	13	17204.39
14	14	18211.77
15	15	19286.27
16	16	19791.26
17	17	19214.75
18	18	18126.83
19	19	17128.86
20	20	16287.61
21	21	15877.24
22	22	15836.68
23	23	16215.93
24	24	17073.13
25	25	18046.27
26	26	18555.96
27	27	18079.62
28	28	17105.11
29	29	16224.74
30	30	15706.15
31	31	15465.45
32	32	15253.81
33	33	15082.18
34	34	14957.92
35	35	14961.77
36	36	15129.06
37	37	15408.39
38	38	15781.8
39	39	16274.61
40	40	16836.69
41	41	17322.42
42	42	17646.74
43	43	18218.76
44	44	19197.8
45	45	20300.15
46	46	21510.53
47	47	22819.02
48	48	24218.73
49	49	25679.24
50	50	27147.53
51	51	27898.37
52	52	27208.36
53	53	25736.4
54	54	24252.81
55	55	22852.13
56	56	21544.37
57	57	20337.54
58	58	19242.73
59	59	18277.39
60	60	17817.46
61	61	17781.47
62	62	17723.64
63	63	18074.73
64	64	18918.1
65	65	19897.67
66	66	21000.02
67	67	22133.67
68	68	23413.66
69	69	24752.79
70	70	25651.6
71	71	25815.48
72	72	25203.98
73	73	24022.04
74	74	22676.37
75	75	21678.13
76	76	20748.66
77	77	19639.99
78	78	18651.78
79	79	17795.97
80	80	17089.98
81	81	16384.39
82	82	15737.19
83	83	15317.79
84	84	15043.3
85	85	14883.41
86	86	14936.67
87	87	15137.24
88	88	15414.3
89	89	15835.18
90	90	16373.1
91	91	17020.63
92	92	17729.37
93	93	18717.45
94	94	19954.44
95	95	20950.87
96	96	21904.44
97	97	23077.37
98	98	24337.87
99	99	25683.76
100	100	26781.74
101	101	27924.67
102	102	29434.56
103	103	30736.21
104	104	31388.86
105	105	31181.98
106	106	30171.07
107	107	28678.87
108	108	27252.59
109	109	25943.66
110	110	24997.16
111	111	24332.22
112	112	23316.4
113	113	22149.07
114	114	21593.9
115	115	21542.05
116	116	21352.02
117	117	21020.82
====================

