"nt"	"nds"
1	16301.924466809545
2	15183.753188859315
3	14146.544244923774
4	13195.058819850212
5	12335.07815783201
6	11574.872006872925
7	10926.530850498822
8	10410.8794413191
9	10406.534212121805
10	10383.75282204864
11	10331.31973529546
12	10258.799770391606
13	10194.52879417009
14	10587.470977575289
15	11101.953475522327
16	11948.74376555618
17	12605.02339335703
18	13429.486519883685
19	14336.751268245678
20	15320.05983711059
21	16376.088880620584
22	17504.25024721749
23	18565.62120703487
24	19833.654268759725
25	20391.011144936492
26	19876.729185211392
27	18620.54668747805
28	17528.012243384044
29	16400.429603826928
30	15344.625909755316
31	14361.114952807826
32	13452.2322905184
33	12623.503290622788
34	12380.83428592863
35	11946.839775180175
36	11445.940893196264
37	11074.609290872217
38	10565.323252641825
39	10176.487166362269
40	10225.635278428137
41	10275.113873173446
42	10294.48052770763
43	10778.913526979362
44	11410.173051068881
45	12170.886892014732
46	13049.29780429739
47	14027.795793783018
48	14985.813216487728
49	14997.31706026384
50	14050.524686040515
51	13060.190550800422
52	12182.807556862834
53	11423.811860455273
54	10795.481856232585
55	10315.112201256303
56	10341.396762654509
57	10329.154358393182
58	10784.804196710189
59	11367.140818111915
60	12058.262244063659
61	12846.928917562913
62	13726.805102588667
63	14696.906157372983
64	15395.623438021952
65	16510.71757829056
66	17647.98689157191
67	18476.14707328279
68	18786.21552518144
69	18506.142669073586
70	17701.55484231288
71	16574.32287358832
72	15448.537978941771
73	14717.340905945592
74	13749.10751849777
75	12871.021014248048
76	12083.717597199395
77	11392.858672887725
78	10808.507298779807
79	10348.29887424003
80	10388.558269016621
81	10427.143136200031
82	10446.014343217254
83	10441.266059049027
84	10424.041760264332
85	10939.627072575286
86	11587.967270037208
87	12347.967579328304
88	13207.48997505707
89	14158.11915371792
90	15193.68251869671
91	16308.390819223414
92	17606.928752191667
93	18379.443059034194
