Gaussian Denoiser Window Size: 2
Predicted sites number: 10
Predicted nucleotides number: 11

Site#1:
1
Site#2:
13
Site#3:
26
Site#4:
40
Site#5:
49
Site#6:
56
Site#7:
69
Site#8:
80
Site#9:
83
84
Site#10:
93

extremaRank	extremaLoc	extremaNt	extremaNDS_gd
1	40	40	10201.06
2	13	13	10226.66
3	56	56	10328.25
4	80	80	10368.43
5	84	84	10432.65
6	83	83	10443.64
7	49	49	14991.57
8	1	1	16301.92
9	93	93	17993.19
10	69	69	18646.18
11	26	26	20133.87

Gaussian Denoised Signal:
1	1	16301.92
2	2	15742.84
3	3	14665.15
4	4	13670.8
5	5	12765.07
6	6	11954.98
7	7	11250.7
8	8	10668.71
9	9	10408.71
10	10	10395.14
11	11	10357.54
12	12	10295.06
13	13	10226.66
14	14	10391
15	15	10844.71
16	16	11525.35
17	17	12276.88
18	18	13017.25
19	19	13883.12
20	20	14828.41
21	21	15848.07
22	22	16940.17
23	23	18034.94
24	24	19199.64
25	25	20112.33
26	26	20133.87
27	27	19248.64
28	28	18074.28
29	29	16964.22
30	30	15872.53
31	31	14852.87
32	32	13906.67
33	33	13037.87
34	34	12502.17
35	35	12163.84
36	36	11696.39
37	37	11260.28
38	38	10819.97
39	39	10370.91
40	40	10201.06
41	41	10250.37
42	42	10284.8
43	43	10536.7
44	44	11094.54
45	45	11790.53
46	46	12610.09
47	47	13538.55
48	48	14506.8
49	49	14991.57
50	50	14523.92
51	51	13555.36
52	52	12621.5
53	53	11803.31
54	54	11109.65
55	55	10555.3
56	56	10328.25
57	57	10335.28
58	58	10556.98
59	59	11075.97
60	60	11712.7
61	61	12452.6
62	62	13286.87
63	63	14211.86
64	64	15046.26
65	65	15953.17
66	66	17079.35
67	67	18062.07
68	68	18631.18
69	69	18646.18
70	70	18103.85
71	71	17137.94
72	72	16011.43
73	73	15082.94
74	74	14233.22
75	75	13310.06
76	76	12477.37
77	77	11738.29
78	78	11100.68
79	79	10578.4
80	80	10368.43
81	81	10407.85
82	82	10436.58
83	83	10443.64
84	84	10432.65
85	85	10681.83
86	86	11263.8
87	87	11967.97
88	88	12777.73
89	89	13682.8
90	90	14675.9
91	91	15751.04
92	92	16957.66
93	93	17993.19
====================

