"nt"	"nds"
1	18166.73395454896
2	18399.757381700798
3	18234.576753664856
4	17695.447059610196
5	16858.80374480478
6	15851.677618177171
7	14846.88236608471
8	14042.93115481437
9	13622.539356341242
10	13696.564167705345
11	14255.585514766579
12	13445.414039368154
13	12760.815892037042
14	12184.970363986413
15	11710.932754427158
16	11340.814523376543
17	11084.800320337472
18	11087.826282649985
19	11070.263368515874
20	11332.532807002504
21	11720.69811065167
22	11894.228927109827
23	12071.974930486665
24	12215.306076357067
25	12303.747882641595
26	12979.44288255437
27	13745.507709174144
28	14595.288002793937
29	15524.786988039752
30	16531.131944549583
31	17612.649928370854
32	18769.887293600437
33	19797.155639995744
34	21139.403905258634
35	22022.24804854838
36	22002.492420182338
37	21090.68165026065
38	19747.072274741986
39	18749.48755636572
40	17591.563270534447
41	16509.556648602982
42	15502.891057970846
43	14573.420293141045
44	13724.713784549458
45	12962.510521000995
46	12299.234536314616
47	11763.899394439837
48	11365.339161403797
49	11097.646119371902
50	11144.428881506363
51	11178.899345838227
52	11194.47416759927
53	11544.580343587673
54	12017.82524718459
55	12604.091181639318
56	13294.034666284917
57	14073.818262586115
58	14936.254322166817
59	15877.116980819781
60	16894.100155575135
61	17987.48003716904
62	19163.554443353492
63	20254.65843206348
64	21594.800249656997
65	22210.449802284664
66	21698.40846587412
67	20386.63668058263
68	19216.88392540403
69	18712.05172281875
70	18007.60068152314
71	16919.92710632852
72	15905.927268055895
73	14967.169319090977
74	14106.323324195053
75	13327.118896466962
76	12634.975766538453
77	12393.779395096875
78	12033.15830791452
79	11565.848984453984
80	11220.544803407254
81	11223.206726343396
82	11138.295488419453
83	11399.551295614447
84	11777.100637424875
85	12260.63151438188
86	12847.1681929623
87	13538.729326299566
88	14338.057388476545
89	14916.40263297883
90	15425.087451808182
91	16478.29903571221
92	17631.147486908885
93	18917.129561593847
94	19906.05772578145
95	19258.95591998375
96	17826.041844775973
97	16682.329592481197
98	15654.95325389095
99	16667.41326001802
