Gaussian Denoiser Window Size: 2
Predicted sites number: 8
Predicted nucleotides number: 10

Site#1:
1
3
Site#2:
10
11
Site#3:
19
Site#4:
36
Site#5:
50
Site#6:
66
Site#7:
82
Site#8:
95

extremaRank	extremaLoc	extremaNt	extremaNDS_gd
1	19	19	11079.04
2	50	50	11121.04
3	82	82	11180.75
4	10	10	13659.55
5	11	11	13976.07
6	1	1	18166.73
7	3	3	18317.17
8	95	95	19582.51
9	66	66	21954.43
10	36	36	22012.37

Gaussian Denoised Signal:
1	1	18166.73
2	2	18283.25
3	3	18317.17
4	4	17965.01
5	5	17277.13
6	6	16355.24
7	7	15349.28
8	8	14444.91
9	9	13832.74
10	10	13659.55
11	11	13976.07
12	12	13850.5
13	13	13103.11
14	14	12472.89
15	15	11947.95
16	16	11525.87
17	17	11212.81
18	18	11086.31
19	19	11079.04
20	20	11201.4
21	21	11526.62
22	22	11807.46
23	23	11983.1
24	24	12143.64
25	25	12259.53
26	26	12641.6
27	27	13362.48
28	28	14170.4
29	29	15060.04
30	30	16027.96
31	31	17071.89
32	32	18191.27
33	33	19283.52
34	34	20468.28
35	35	21580.83
36	36	22012.37
37	37	21546.59
38	38	20418.88
39	39	19248.28
40	40	18170.53
41	41	17050.56
42	42	16006.22
43	43	15038.16
44	44	14149.07
45	45	13343.61
46	46	12630.87
47	47	12031.57
48	48	11564.62
49	49	11231.49
50	50	11121.04
51	51	11161.66
52	52	11186.69
53	53	11369.53
54	54	11781.2
55	55	12310.96
56	56	12949.06
57	57	13683.93
58	58	14505.04
59	59	15406.69
60	60	16385.61
61	61	17440.79
62	62	18575.52
63	63	19709.11
64	64	20924.73
65	65	21902.63
66	66	21954.43
67	67	21042.52
68	68	19801.76
69	69	18964.47
70	70	18359.83
71	71	17463.76
72	72	16412.93
73	73	15436.55
74	74	14536.75
75	75	13716.72
76	76	12981.05
77	77	12514.38
78	78	12213.47
79	79	11799.5
80	80	11393.2
81	81	11221.88
82	82	11180.75
83	83	11268.92
84	84	11588.33
85	85	12018.87
86	86	12553.9
87	87	13192.95
88	88	13938.39
89	89	14627.23
90	90	15170.75
91	91	15951.69
92	92	17054.72
93	93	18274.14
94	94	19411.59
95	95	19582.51
96	96	18542.5
97	97	17254.19
98	98	16168.64
99	99	16161.18
====================

