"nt"	"nds"
1	6509.322828755027
2	5959.2103837735685
3	5612.896203012428
4	5141.592501876417
5	4765.513494861416
6	4451.813741650069
7	4199.678703271363
8	4009.4318243350604
9	3968.0944062071285
10	3885.8844332266362
11	3844.601672014223
12	3869.141212298581
13	4041.803118740929
14	4176.888317896762
15	4201.890577227916
16	4452.275204307832
17	4771.698939614978
18	5162.188892302982
19	5526.067351349009
20	6062.149510008663
21	6579.16740296317
22	6940.118698572129
23	7065.529889386194
24	6930.2681485608055
25	6561.89890322174
26	6042.295119764503
27	5510.10909634803
28	5156.146872820457
29	4765.264674954316
30	4445.4040725328805
31	4194.537478762136
32	4158.222412566518
33	4021.6002732537418
34	3860.66623930098
35	3836.235450006912
36	3879.605321568827
37	3995.874912719795
38	4184.0476764396435
39	4436.005000976099
40	4749.830785016911
41	5125.894114216251
42	5580.366116987043
43	5941.766598364229
44	6488.620493215542
45	7093.56448218175
46	7665.383113953274
47	7686.742366853861
