"nt"	"nds"
1	7660.0959737830435
2	7315.665064726642
3	7041.171880797979
4	6832.962953862694
5	6689.72389807952
6	6612.033452068089
7	6603.127063858468
8	6788.760088880742
9	6907.395405439849
10	6879.0015303435175
11	7122.379632116637
12	7501.064811801324
13	7877.091828909916
14	8506.62316676656
15	8885.90039333819
16	8749.392217355877
17	8206.54552803302
18	7661.006043010485
19	7849.619970461932
20	7919.267861002596
21	8448.566679432186
22	9064.240770108652
23	9753.98211875379
24	10512.775148059369
25	11361.47607193757
26	12117.425433788541
27	12082.214690516194
28	11295.012190137953
29	10484.878366453513
30	9730.53166935285
31	9047.600892171864
32	8441.28645148678
33	7921.103812704841
34	7459.913068224182
35	7059.976433050675
36	6822.163237698009
37	6779.411860143754
38	6674.254323445417
39	6558.289645417647
40	6570.35881571458
41	6650.22725951398
42	6794.596331668421
43	7002.538583043279
44	7274.539420632296
45	7614.032210192968
46	7857.238905277859
47	8250.378600916465
48	8677.176919908861
49	9044.92475679887
50	9295.193075580224
51	9410.463335389017
52	10046.816033738798
53	10753.661757120699
54	11526.311882576772
55	12372.297830766935
56	13149.854468804577
57	13136.538561392554
58	12345.609948333897
59	11514.085370453638
60	10741.962302176513
61	10036.712063491106
62	9403.398703483064
63	9187.510803639716
64	8721.057722096566
