"nt"	"nds"
1	21869.58253577589
2	21800.577876021125
3	20516.330113491116
4	19236.712082707592
5	17970.26714765998
6	17219.263097948726
7	16075.938045229797
8	15209.39698254164
9	14235.728700173833
10	13634.828214477428
11	12636.864616521214
12	11889.912976981974
13	11401.545434186977
14	11378.14963008418
15	11329.375287336905
16	11788.850895013817
17	12421.023510468203
18	13205.291248464368
19	14186.381444086857
20	15043.009043454695
21	14933.988783290519
22	13972.4551666457
23	13107.228901531224
24	12323.83315698559
25	11692.179723109397
26	11232.357264222503
27	11090.992301949447
28	10962.35547344307
29	11151.938775129604
30	11448.95058314562
31	11839.711190900056
32	12316.210749572627
33	12874.037822654516
34	13512.249767240184
35	14235.971146862228
36	15061.108615043857
37	14644.141618232756
38	14976.006741464644
39	15873.360494424687
40	16878.379586830393
41	17544.08045483953
42	17612.897901960743
43	17081.820561327335
44	16182.148095956585
45	17189.297614969182
46	18297.055989259978
47	19486.44223762098
48	20749.44750727994
49	22141.513498383552
50	23318.34111334657
51	23174.39909207583
52	21849.660161383523
53	20611.158708103725
54	19345.869624393243
55	18155.55273457785
56	17046.39887443244
57	16026.45330051888
58	15098.84618708929
59	14274.54920337689
60	13541.525829610231
61	12894.701012484087
62	12330.819100215002
63	11850.427687311767
64	11457.504859282886
65	11159.836518922722
66	10970.656532874513
67	11137.785369860021
68	11287.726664067719
69	11749.819867070688
70	12364.900579674646
71	13111.626393986431
72	13975.209289961113
73	14944.962876958782
74	16013.59768306636
75	17111.180508647645
76	18264.96635052249
77	18366.78041091658
78	17313.019530173955
79	16107.005794001943
80	15037.778569458613
81	14066.571026703132
82	13200.843898221965
83	12451.325320385622
84	11832.78427915278
85	11367.776350541859
86	11404.662316305925
87	11418.489618857257
88	11415.240005181471
89	11896.239639070542
90	12228.572968347287
91	12735.750407117592
92	13294.397345222744
93	13789.08665945197
94	14137.24575045262
95	14301.725887839257
96	15277.07102180879
97	16242.541196585986
98	17380.877030894
99	18036.981315973313
100	19304.600082497203
