"nt"	"nds"
1	16929.451430781974
2	15895.15499852248
3	14923.514033108138
4	14258.146504906257
5	13365.32064731679
6	12577.871723976414
7	11866.46724137155
8	11817.888550479354
9	11631.814036308202
10	11302.820171190342
11	10859.858186613503
12	10362.106678929089
13	9897.519617582888
14	9579.523445373296
15	9228.76045353123
16	8954.590835256284
17	8929.395573451042
18	8892.379765925347
19	8846.271051952868
20	8799.198346006357
21	8761.036761306574
22	8715.876886094824
23	8736.658164934921
24	8820.776396988675
25	8967.651054071017
26	9177.219401285776
27	9449.937224643372
28	9787.030369105018
29	10191.39210154789
30	10670.50095374018
31	11241.925711225256
32	11015.271881021823
33	11351.758370702872
34	12062.41567054255
35	12795.259002537961
36	13239.113177698391
37	13227.584871443025
38	12779.0535469176
39	12088.307220979383
40	12825.24350343228
41	13658.807878597217
42	14571.518086139731
43	15634.002529593872
44	16482.697325545876
45	16334.435667396085
46	15334.114224508776
47	14430.155805395643
48	13515.739435312895
49	12679.676746358795
50	11928.71603139973
51	11262.052964086937
52	10690.95782974573
53	10202.104758685862
54	9788.329170849407
55	9443.7543792916
56	9165.08293378475
57	8950.67928923744
58	8799.989097755388
59	8713.461884182938
60	8693.758638801128
61	8750.680649002228
62	8913.672049438172
63	9181.025744512308
64	9533.835533036374
65	9895.298205308349
66	10485.533946392346
67	11085.240391336161
68	11540.959176768854
69	11791.537808761308
70	12504.203512747841
71	13293.316918710674
72	14115.5804484789
73	14854.893857941106
74	15827.904816459233
75	16862.17930625629
76	18261.858502038976
