"nt"	"nds"
1	24844.765998935276
2	23386.691487241405
3	21997.284669921253
4	20957.179754922396
5	19718.822456467446
6	18537.579791816424
7	17445.104769439895
8	17227.956860340462
9	16795.063024611332
10	16172.7093690957
11	15434.473242709688
12	14693.868893771409
13	14088.056295107432
14	13750.286413024221
15	13183.313826591397
16	12758.616720742517
17	12716.360744124306
18	12581.725781090601
19	12961.66492297561
20	13517.049807837433
21	14226.893362230801
22	15075.658879579372
23	16051.586053431545
24	17164.196023148263
25	18199.016439279778
26	18148.640555737344
27	17066.020329639523
28	16007.251425092818
29	15033.088806212902
30	14186.811456757276
31	13480.08571682447
32	12928.355150005404
33	12551.887695442021
34	12469.411208287678
35	12681.043865195516
36	13015.159485915157
37	13455.110745430622
38	13989.88568662938
39	14612.158058877001
40	15317.747590626379
41	16105.590814847177
42	16980.51822172018
43	17958.43970253727
44	17449.06205807333
45	17789.718511374944
46	18790.15227525149
47	19942.808974279204
48	20735.501747061015
49	20857.121422347973
50	20279.039738620104
51	19249.325757281444
52	20407.47447124446
53	21667.93183650895
54	23012.01516494465
55	24507.373938461533
56	25747.06136804991
57	25563.480341914143
58	24136.7907988474
59	22837.651587454733
60	21491.99933955904
61	20229.55617011405
62	19058.02419753177
63	17977.097894925093
64	16997.737396543103
65	16111.271768503926
66	15312.56348022797
67	14598.525504157511
68	13969.559251534653
69	13429.372132501203
70	12984.744844802555
71	12646.332529010993
72	12430.803032769798
73	12640.97682272089
74	12778.015837933888
75	13245.523183135776
76	13869.19694873311
77	14630.137639384098
78	15514.745747921024
79	16512.7610481842
80	17616.633794594258
81	18770.95820209437
82	19953.50545348897
83	20021.723547711837
84	18905.962595947232
85	17679.230503778017
86	16575.367852094318
87	15577.532144683637
88	14693.52114127666
89	13933.931759826395
90	13312.66948162126
91	12849.182454276737
92	12857.715064934115
93	12827.400573697525
94	13248.840601780004
95	13814.499894112643
96	14455.649272575836
97	15428.262073632239
98	16403.422703237888
99	17119.63078207646
100	17451.090144052498
101	18540.447030243366
102	19719.560664444278
103	20956.120606139673
104	21995.908130413096
105	23384.042508581813
106	24839.614667428377
107	26798.290162566132
