Gaussian Denoiser Window Size: 2
Predicted sites number: 11
Predicted nucleotides number: 13

Site#1:
1
Site#2:
18
Site#3:
26
Site#4:
34
Site#5:
44
45
Site#6:
49
51
Site#7:
57
Site#8:
73
Site#9:
83
Site#10:
93
Site#11:
107

extremaRank	extremaLoc	extremaNt	extremaNDS_gd
1	34	34	12510.65
2	73	73	12535.89
3	18	18	12649.04
4	93	93	12842.56
5	45	45	17619.39
6	44	44	17703.75
7	26	26	18173.83
8	51	51	19764.18
9	83	83	19987.61
10	49	49	20796.31
11	1	1	24844.77
12	57	57	25655.27
13	107	107	25818.95

Gaussian Denoised Signal:
1	1	24844.77
2	2	24115.73
3	3	22691.99
4	4	21477.23
5	5	20338
6	6	19128.2
7	7	17991.34
8	8	17336.53
9	9	17011.51
10	10	16483.89
11	11	15803.59
12	12	15064.17
13	13	14390.96
14	14	13919.17
15	15	13466.8
16	16	12970.97
17	17	12737.49
18	18	12649.04
19	19	12771.7
20	20	13239.36
21	21	13871.97
22	22	14651.28
23	23	15563.62
24	24	16607.89
25	25	17681.61
26	26	18173.83
27	27	17607.33
28	28	16536.64
29	29	15520.17
30	30	14609.95
31	31	13833.45
32	32	13204.22
33	33	12740.12
34	34	12510.65
35	35	12575.23
36	36	12848.1
37	37	13235.14
38	38	13722.5
39	39	14301.02
40	40	14964.95
41	41	15711.67
42	42	16543.05
43	43	17469.48
44	44	17703.75
45	45	17619.39
46	46	18289.94
47	47	19366.48
48	48	20339.16
49	49	20796.31
50	50	20568.08
51	51	19764.18
52	52	19828.4
53	53	21037.7
54	54	22339.97
55	55	23759.69
56	56	25127.22
57	57	25655.27
58	58	24850.14
59	59	23487.22
60	60	22164.83
61	61	20860.78
62	62	19643.79
63	63	18517.56
64	64	17487.42
65	65	16554.5
66	66	15711.92
67	67	14955.54
68	68	14284.04
69	69	13699.47
70	70	13207.06
71	71	12815.54
72	72	12538.57
73	73	12535.89
74	74	12709.5
75	75	13011.77
76	76	13557.36
77	77	14249.67
78	78	15072.44
79	79	16013.75
80	80	17064.7
81	81	18193.8
82	82	19362.23
83	83	19987.61
84	84	19463.84
85	85	18292.6
86	86	17127.3
87	87	16076.45
88	88	15135.53
89	89	14313.73
90	90	13623.3
91	91	13080.93
92	92	12853.45
93	93	12842.56
94	94	13038.12
95	95	13531.67
96	96	14135.07
97	97	14941.96
98	98	15915.84
99	99	16761.53
100	100	17285.36
101	101	17995.77
102	102	19130
103	103	20337.84
104	104	21476.01
105	105	22689.98
106	106	24111.83
107	107	25818.95
====================

