Gaussian Denoiser Window Size: 2
Predicted sites number: 6
Predicted nucleotides number: 6

Site#1:
8
Site#2:
20
Site#3:
27
Site#4:
39
Site#5:
57
Site#6:
75

extremaRank	extremaLoc	extremaNt	extremaNDS_gd
1	75	75	8511.52
2	39	39	8615.19
3	20	20	9381.12
4	27	27	14362.52
5	8	8	14770.3
6	57	57	18459.52

Gaussian Denoised Signal:
1	1	12689.06
2	2	12974.55
3	3	13509.38
4	4	13964.43
5	5	14326.5
6	6	14585.72
7	7	14735.06
8	8	14770.3
9	9	14689.75
10	10	14494.24
11	11	14187.16
12	12	13774.68
13	13	13266.31
14	14	12675.57
15	15	12021.44
16	16	11330.43
17	17	10638.19
18	18	9988.96
19	19	9431.38
20	20	9381.12
21	21	9858.49
22	22	10478.21
23	23	11216.25
24	24	12057.38
25	25	13020.27
26	26	13976.4
27	27	14362.52
28	28	13819.27
29	29	12864.95
30	30	11954.9
31	31	11108.17
32	32	10360.29
33	33	9721.13
34	34	9202.35
35	35	8940.08
36	36	8870.55
37	37	8802.59
38	38	8699.18
39	39	8615.19
40	40	8692.9
41	41	8834.23
42	42	8867.32
43	43	8983.62
44	44	9292.57
45	45	9684.15
46	46	10157.45
47	47	10680.22
48	48	11308.97
49	49	12012.07
50	50	12584.84
51	51	12909.21
52	52	13429.74
53	53	14325.19
54	54	15291.83
55	55	16325.05
56	56	17486.06
57	57	18459.52
58	58	18412.31
59	59	17411.29
60	60	16268.49
61	61	15232.26
62	62	14262.25
63	63	13363.1
64	64	12778.87
65	65	12350.4
66	66	11725.51
67	67	11045.09
68	68	10520.92
69	69	10067.21
70	70	9587.7
71	71	9189.98
72	72	8876.03
73	73	8673.28
74	74	8549.47
75	75	8511.52
76	76	8620.85
77	77	8666.99
78	78	8677.08
79	79	8879.8
80	80	9254.18
81	81	9766.11
82	82	10375.04
83	83	11039.97
====================

