"nt"	"nds"
1	12689.057794806333
2	13260.038233451301
3	13758.725041511743
4	14170.129430872006
5	14482.880294689694
6	14688.557997651948
7	14781.565920855423
8	14759.029196635076
9	14620.478557865032
10	14368.010470476022
11	14006.303175867142
12	13543.065963205532
13	12989.563371561453
14	12361.569357213615
15	11681.301894062568
16	10979.55304876198
17	10296.836413400622
18	9681.080742337359
19	9181.687828562111
20	9580.56203479695
21	10136.424486813936
22	10819.985947548774
23	11612.512083190431
24	12502.256475604692
25	13538.290128078304
26	14414.503669478645
27	14310.544143108798
28	13327.98931246638
29	12401.918095413179
30	11507.872535397695
31	10708.461872521522
32	10012.108951105762
33	9430.148767011147
34	8974.54863436378
35	8905.614952130301
36	8835.476380119819
37	8769.69491639327
38	8628.66732660286
39	8601.719813907506
40	8784.088881386231
41	8884.367308046001
42	8850.27425159642
43	9116.964934651127
44	9468.16966908195
45	9900.134650302049
46	10414.763514232509
47	10945.67431234743
48	11672.272742189047
49	12351.872888764285
50	12817.814393712044
51	13000.614624697442
52	13858.866667340873
53	14791.511294160262
54	15792.153388015762
55	16857.948251196216
56	18114.18066446657
57	18804.867869534173
58	18019.757721279173
59	16802.814974072335
60	15734.171302611785
61	14730.343784349954
62	13794.165975743088
63	12932.02770618397
64	12625.708827064149
65	12075.095153095159
66	11375.915013766476
67	10714.258651686245
68	10327.579027394933
69	9806.84482137057
70	9368.55444126098
71	9011.40075446344
72	8740.66181739813
73	8605.900710659722
74	8493.035727255123
75	8529.99964799448
76	8711.704418237665
77	8622.271223745092
78	8731.892305380581
79	9027.702123644607
80	9480.656676361072
81	10051.572483020327
82	10698.5144854897
83	11381.428575288763
