"nt"	"nds"
1	9483.59459993763
2	9128.984422595444
3	8865.985712119395
4	8680.096176652034
5	8563.703395452618
6	8513.487639200071
7	8528.339980454622
8	8608.743765414627
9	8757.701402036064
10	9033.860214572327
11	9298.27907878636
12	9425.07457865233
13	9568.49361371671
14	9804.437292554334
15	10098.47729013572
16	10417.9498506852
17	10734.585585634983
18	11024.912081524904
19	11270.440144737962
20	11457.99847387239
21	11580.186708093273
22	11635.966471264173
23	11631.546539593133
24	12363.134863239518
25	13173.692673698293
26	14054.652510798956
27	15076.418658647843
28	15896.394362606241
29	15759.865403929285
30	14797.884212529669
31	13921.651085236836
32	13037.53864668879
33	12226.314563985878
34	11497.222676454292
35	10962.604169369084
36	10115.616752465103
37	9451.900601144762
38	9335.332873329151
39	9052.393052955696
40	8762.33066434307
41	8609.438632552406
42	8526.158463331527
43	8508.795309375986
44	8556.35713284683
45	8669.439296770988
46	8850.717626875832
47	9107.910734626495
48	9308.582490078
49	9647.287621108273
50	10055.168188837593
51	10472.250735112317
52	10850.480053577405
53	11155.347390031084
54	11366.517278438385
55	11479.718571156638
56	11510.287832481174
57	12172.726282712214
58	12914.900478706819
59	13747.712040878976
60	14401.586743153626
61	15277.444038447129
62	16261.439351792644
63	16648.283137267805
64	16195.950127964059
65	15194.431885106846
66	14365.973472440633
67	13674.32339271858
68	12878.843906917984
69	12137.588913991127
70	11477.001266524227
71	11337.94452241438
72	11037.643783916614
73	10580.39579323196
