"nt"	"nds"
1	8218.646318346906
2	8021.117671786592
3	7683.751698532908
4	7411.978019285701
5	7203.132117672809
6	7056.7795104383695
7	6973.276233309661
8	6953.945318162918
9	7002.276166078797
10	7207.746088327319
11	7369.643641539581
12	7421.840587863337
13	7551.219443278622
14	7760.694012088596
15	8017.304515263728
16	8290.972581317563
17	8556.6901780633
18	8794.493877075813
19	8989.318880046889
20	9131.056798875064
21	9215.070890420433
22	9242.394961269014
23	9221.262587061323
24	9846.62902070257
25	10551.251626518808
26	11326.528094008
27	12243.600011813165
28	12969.0827236361
29	12841.434794003058
30	11982.768263749225
31	11201.66769967974
32	10423.150891886036
33	9717.557885538597
34	9094.06925306714
35	8660.902123932285
36	7976.536889953824
37	7436.005736988147
38	7377.9183365725785
39	7198.702706014203
40	6996.044222451378
41	6944.3442113293095
42	6961.518562584257
43	7043.56879453512
44	7189.001452221294
45	7397.569899003782
46	7670.404329245239
47	8011.353473134822
48	8597.839792663888
49	9102.817241162302
50	9680.323228549336
51	10330.053126216764
52	11013.987095050272
53	11644.50889272355
54	12362.039422172917
55	13267.174858933307
56	13707.11345255322
57	13402.140431673386
58	12536.612212123491
59	11721.04713095475
60	11175.702861992195
61	10412.561340526154
62	9764.85528394226
63	9186.870104263777
64	9126.22644302709
65	8979.384204194896
66	8756.561328192054
