Gaussian Denoiser Window Size: 2
Predicted sites number: 5
Predicted nucleotides number: 7

Site#1:
1
Site#2:
9
11
13
Site#3:
21
Site#4:
29
Site#5:
36

extremaRank	extremaLoc	extremaNt	extremaNDS_gd
1	29	29	2161.05
2	13	13	2178.2
3	9	9	2205.15
4	11	11	2252.17
5	36	36	3798.9
6	21	21	4006.58
7	1	1	4063.04

Gaussian Denoised Signal:
1	1	4063.04
2	2	3828.62
3	3	3389.06
4	4	3009.09
5	5	2690.63
6	6	2507.84
7	7	2393.2
8	8	2250.21
9	9	2205.15
10	10	2242.11
11	11	2252.17
12	12	2225.84
13	13	2178.2
14	14	2209.75
15	15	2386.68
16	16	2621.9
17	17	2786.55
18	18	3009.67
19	19	3407.99
20	20	3823.41
21	21	4006.58
22	22	3798.61
23	23	3382.94
24	24	2992.61
25	25	2755.5
26	26	2576.02
27	27	2353.77
28	28	2192.25
29	29	2161.05
30	30	2174.9
31	31	2231.36
32	32	2405.69
33	33	2655.9
34	34	2975.18
35	35	3357.17
36	36	3798.9
====================

