"nt"	"nds"
1	7129.741574742661
2	6776.654980153113
3	6487.795404535418
4	6263.663791893766
5	6105.999847984011
6	6018.656798222896
7	6009.495479110709
8	6273.893437965591
9	6600.111383667892
10	6835.3074594333575
11	7240.505915049094
12	7857.801528839838
13	8208.821581455064
14	8042.677671597978
15	7469.137922542033
16	6929.925573669975
17	6954.967093683354
18	6965.752331722758
19	6961.696634805062
20	6947.962462662576
21	7415.796991306781
22	7981.886859522875
23	8631.644179684028
24	9294.061595866346
25	10104.540865992953
26	10600.478944526909
27	10552.99732067276
28	9989.70736593428
29	9181.255555375024
30	8587.982247246038
31	7940.267609513743
32	7377.264354506511
33	6911.87942705471
34	6855.62211413814
35	6743.453399609497
36	6566.63541776859
37	6346.970490471028
38	6132.17462776212
39	5992.598291615421
40	6003.965089064473
41	6092.588803168679
42	6250.545507034707
43	6474.300090630326
44	6762.105227391176
45	7113.1097615945155
46	7620.8506106493705
47	8003.791054140246
48	8535.240539229522
49	9132.558590706652
50	9790.605142300714
51	10348.365218178062
52	11049.976691944845
53	11884.150738330898
54	12253.978064381567
55	11928.421677716331
56	11107.79506475232
57	10374.03659831515
58	9845.440109626394
59	9161.264616571425
60	8565.93073977437
61	8036.58442041586
62	7851.77562979979
