Gaussian Denoiser Window Size: 2
Predicted sites number: 8
Predicted nucleotides number: 10

Site#1:
1
3
Site#2:
16
Site#3:
27
Site#4:
34
Site#5:
37
39
Site#6:
44
Site#7:
53
Site#8:
62

extremaRank	extremaLoc	extremaNt	extremaNDS_gd
1	16	16	5457.15
2	53	53	5474.58
3	34	34	6040.99
4	39	39	6102.42
5	37	37	6114.89
6	44	44	8468.84
7	62	62	8720.97
8	27	27	9416.47
9	1	1	10278.24
10	3	3	10635.43

Gaussian Denoised Signal:
1	1	10278.24
2	2	10435.96
3	3	10635.43
4	4	10598.59
5	5	10328.99
6	6	9855.05
7	7	9231.43
8	8	8540.9
9	9	7895.02
10	10	7429.32
11	11	7002
12	12	6530.95
13	13	6145.56
14	14	5839.02
15	15	5608.11
16	16	5457.15
17	17	5475.97
18	18	5646.71
19	19	5816.22
20	20	5927.17
21	21	6171.46
22	22	6634.8
23	23	7195.96
24	24	7772.99
25	25	8434.38
26	26	9101.59
27	27	9416.47
28	28	9223.33
29	29	8607.44
30	30	7893.89
31	31	7263.75
32	32	6699.99
33	33	6231.88
34	34	6040.99
35	35	6074.39
36	36	6100.91
37	37	6114.89
38	38	6114.6
39	39	6102.42
40	40	6330.25
41	41	6859.45
42	42	7516.49
43	43	8190.9
44	44	8468.84
45	45	8095.02
46	46	7424.28
47	47	6803.94
48	48	6278.88
49	49	5998.21
50	50	5869.81
51	51	5685.5
52	52	5501.23
53	53	5474.58
54	54	5626.18
55	55	5857.17
56	56	6162.29
57	57	6469.63
58	58	6693
59	59	7039.13
60	60	7505.31
61	61	8035.15
62	62	8720.97
====================

