"nt"	"nds"
1	8395.879781514537
2	8006.735208790543
3	7446.358722802166
4	6810.214326716772
5	6233.599195103642
6	5884.088011526842
7	5417.517570819483
8	5025.8292431199925
9	4705.556994077763
10	4462.505984572871
11	4296.848214123194
12	4204.283237189888
13	4190.188714841019
14	4412.465908188574
15	4595.534856925241
16	4939.569189582498
17	5386.96606046546
18	5783.00960209196
19	6401.818124851566
20	6946.868526745097
21	7205.515158683664
22	7083.900092045993
23	6615.176262201507
24	5971.046411532127
25	5458.367717181778
26	5010.884436285771
27	4668.408712813459
28	4695.808879539704
29	4703.164452484678
30	5100.4563813545965
31	5612.244031539857
32	6304.096533156699
33	6679.94981999583
34	6253.957757588988
35	5584.477681895475
36	5069.471337375646
37	4662.417369133919
38	4584.667438017355
39	4461.9381962754405
40	4317.1517709039745
41	4201.38148962086
42	4219.771876049865
43	4313.763558401087
44	4477.344424278266
45	4643.512413609833
46	4732.290942122823
47	5054.096047180622
48	5444.971022749761
49	5910.144287227107
50	6304.81990196604
51	6905.787036953994
52	7541.969902364554
53	8081.9740891003785
54	8436.940388998686
