Gaussian Denoiser Window Size: 2
Predicted sites number: 10
Predicted nucleotides number: 10

Site#1:
1
Site#2:
11
Site#3:
20
Site#4:
26
Site#5:
38
Site#6:
53
Site#7:
58
Site#8:
63
Site#9:
74
Site#10:
77

extremaRank	extremaLoc	extremaNt	extremaNDS_gd
1	38	38	7841.47
2	74	74	7868.39
3	77	77	8158.43
4	1	1	8631.78
5	20	20	8977.98
6	58	58	10447.68
7	26	26	11106.37
8	53	53	12980.69
9	63	63	13677.45
10	11	11	15560.23

Gaussian Denoised Signal:
1	1	8631.78
2	2	8855.97
3	3	9353.57
4	4	9945.52
5	5	10623.36
6	6	11379.57
7	7	12209.03
8	8	13108.85
9	9	14048.34
10	10	15015.33
11	11	15560.23
12	12	15166.79
13	13	14197.77
14	14	13206.04
15	15	12308.02
16	16	11479.94
17	17	10724.69
18	18	10047.88
19	19	9459.91
20	20	8977.98
21	21	9013.04
22	22	9545.71
23	23	10108.85
24	24	10607.21
25	25	10957.7
26	26	11106.37
27	27	11031.07
28	28	10739.5
29	29	10268.26
30	30	9683.07
31	31	9077.79
32	32	8565.18
33	33	8252.48
34	34	8204.7
35	35	8127.31
36	36	7935.4
37	37	7845.51
38	38	7841.47
39	39	7913.98
40	40	8058.52
41	41	8273.7
42	42	8562.25
43	43	8809.28
44	44	9023.34
45	45	9307.26
46	46	9615.67
47	47	9908.21
48	48	10153.56
49	49	10332.24
50	50	10794.78
51	51	11629.44
52	52	12516.11
53	53	12980.69
54	54	12579.86
55	55	11694.91
56	56	10849.35
57	57	10460.94
58	58	10447.68
59	59	10790.46
60	60	11550.99
61	61	12478.44
62	62	13385.82
63	63	13677.45
64	64	13091.46
65	65	12192.89
66	66	11370.34
67	67	10606.01
68	68	9883.78
69	69	9133.62
70	70	8585.94
71	71	8292.96
72	72	8077.59
73	73	7935.92
74	74	7868.39
75	75	7878.54
76	76	7972.74
77	77	8158.43
====================

