"nt"	"nds"
1	18481.28219660023
2	17262.63591760257
3	16118.467588092133
4	15053.676291681222
5	14074.00765661747
6	13187.263133296117
7	12405.172835806154
8	11747.073777976964
9	11374.542879290937
10	10817.202785442898
11	10380.725208687047
12	10209.264689165202
13	10136.250255953197
14	10342.754954577666
15	10532.61785904072
16	10574.507940305912
17	10959.275056541901
18	11465.043526281417
19	12079.747065222162
20	12802.521564032078
21	13653.910666264346
22	14628.54273637704
23	15701.104622558696
24	16620.329750658642
25	17886.117767995926
26	18578.483383543047
27	18240.962399342516
28	17071.682506050125
29	15894.286661201733
30	14821.604763907413
31	13833.249286491078
32	13770.984964589199
33	13655.627657599487
34	13491.263534328833
35	13289.161395691826
36	13068.034003779298
37	12853.264599689139
38	12150.022078962354
39	11545.028274058877
40	11048.2879293527
41	10676.333286538691
42	10702.810602957223
43	11133.391143393897
44	11711.927779480553
45	12418.319002165625
46	12927.990619255097
47	13276.236973502106
48	14222.730256618199
49	15263.605707980427
50	16432.65346617346
51	17458.11651768249
52	17368.55335401359
53	16254.907173059466
54	15181.427530556744
55	14141.52847659468
56	13198.566428355452
57	12365.44593971732
58	11651.373492246345
59	11063.259429157393
60	10617.23827778287
61	10545.738598885291
62	10339.348216462504
63	10141.367657830135
64	10213.682406174914
65	10383.183349033568
66	10677.672569801894
67	11099.0324124363
68	11486.285586431432
69	11749.580529826464
70	12435.082545767673
71	13253.777777461299
72	14184.746209450006
73	15216.483870762018
74	16263.714110524961
75	17396.09433277678
76	17526.092104445215
77	16525.10605768985
78	15340.016418525052
79	14311.499591916747
80	13384.794744166107
81	12571.554448466426
82	11894.450933749256
83	11915.176402782265
84	11921.036801429085
85	11911.450550301004
86	11888.053688642738
87	12544.658186601282
88	13326.10043511954
89	14211.524596496467
90	15189.519102859433
91	16252.166287463291
92	17393.408961428817
93	18607.541596722072
94	20282.03747286296
