Gaussian Denoiser Window Size: 2
Predicted sites number: 9
Predicted nucleotides number: 11

Site#1:
1
Site#2:
13
Site#3:
27
Site#4:
42
Site#5:
52
Site#6:
64
Site#7:
76
Site#8:
83
84
86
Site#9:
94

extremaRank	extremaLoc	extremaNt	extremaNDS_gd
1	13	13	10172.76
2	64	64	10177.53
3	42	42	10689.57
4	86	86	11899.75
5	83	83	11904.81
6	84	84	11918.11
7	52	52	17413.33
8	76	76	17461.09
9	27	27	18409.72
10	1	1	18481.28
11	94	94	19444.79

Gaussian Denoised Signal:
1	1	18481.28
2	2	17871.96
3	3	16690.55
4	4	15586.07
5	5	14563.84
6	6	13630.64
7	7	12796.22
8	8	12076.12
9	9	11560.81
10	10	11095.87
11	11	10598.96
12	12	10294.99
13	13	10172.76
14	14	10239.5
15	15	10437.69
16	16	10553.56
17	17	10766.89
18	18	11212.16
19	19	11772.4
20	20	12441.13
21	21	13228.22
22	22	14141.23
23	23	15164.82
24	24	16160.72
25	25	17253.22
26	26	18232.3
27	27	18409.72
28	28	17656.32
29	29	16482.98
30	30	15357.95
31	31	14327.43
32	32	13802.12
33	33	13713.31
34	34	13573.45
35	35	13390.21
36	36	13178.6
37	37	12960.65
38	38	12501.64
39	39	11847.53
40	40	11296.66
41	41	10862.31
42	42	10689.57
43	43	10918.1
44	44	11422.66
45	45	12065.12
46	46	12673.15
47	47	13102.11
48	48	13749.48
49	49	14743.17
50	50	15848.13
51	51	16945.38
52	52	17413.33
53	53	16811.73
54	54	15718.17
55	55	14661.48
56	56	13670.05
57	57	12782.01
58	58	12008.41
59	59	11357.32
60	60	10840.25
61	61	10581.49
62	62	10442.54
63	63	10240.36
64	64	10177.53
65	65	10298.43
66	66	10530.43
67	67	10888.35
68	68	11292.66
69	69	11617.93
70	70	12092.33
71	71	12844.43
72	72	13719.26
73	73	14700.62
74	74	15740.1
75	75	16829.9
76	76	17461.09
77	77	17025.6
78	78	15932.56
79	79	14825.76
80	80	13848.15
81	81	12978.17
82	82	12233
83	83	11904.81
84	84	11918.11
85	85	11916.24
86	86	11899.75
87	87	12216.36
88	88	12935.38
89	89	13768.81
90	90	14700.52
91	91	15720.84
92	92	16822.79
93	93	18000.48
94	94	19444.79
====================

