Gaussian Denoiser Window Size: 2
Predicted sites number: 9
Predicted nucleotides number: 11

Site#1:
1
Site#2:
13
Site#3:
27
Site#4:
42
Site#5:
52
Site#6:
64
Site#7:
76
Site#8:
83
84
86
Site#9:
94

extremaRank	extremaLoc	extremaNt	extremaNDS_gd
1	13	13	10269.38
2	64	64	10272.67
3	42	42	10782.01
4	86	86	11991.83
5	83	83	11997.22
6	84	84	12010.41
7	52	52	17458.13
8	76	76	17551.47
9	1	1	18563.15
10	27	27	19083.34
11	94	94	19527.34

Gaussian Denoised Signal:
1	1	18563.15
2	2	17954.53
3	3	16774.55
4	4	15671.53
5	5	14650.78
6	6	13719.05
7	7	12886.07
8	8	12167.33
9	9	11653
10	10	11189.27
11	11	10693.74
12	12	10390.72
13	13	10269.38
14	14	10337.6
15	15	10538.23
16	16	10655.17
17	17	10870.49
18	18	11322.22
19	19	11894.46
20	20	12737.93
21	21	13787.92
22	22	14803.5
23	23	15836.8
24	24	16839.59
25	25	17938.01
26	26	18916.51
27	27	19083.34
28	28	18316.22
29	29	17141.24
30	30	16017.53
31	31	14982.03
32	32	14438.64
33	33	14278.69
34	34	13995.21
35	35	13614.11
36	36	13180.9
37	37	12756.25
38	38	12408.5
39	39	11954.97
40	40	11396.8
41	41	10959
42	42	10782.01
43	43	11003.94
44	44	11501.15
45	45	12136.4
46	46	12738.64
47	47	13164.35
48	48	13807.97
49	49	14796.38
50	50	15895.44
51	51	16988.58
52	52	17458.13
53	53	16861.75
54	54	15772.05
55	55	14718.7
56	56	13732.29
57	57	12849.74
58	58	12082.06
59	59	11437.12
60	60	10926.07
61	61	10670.86
62	62	10533.94
63	63	10334.38
64	64	10272.67
65	65	10393.25
66	66	10624.5
67	67	10981.55
68	68	11385.4
69	69	11710.54
70	70	12184.66
71	71	12936.29
72	72	13810.7
73	73	14791.67
74	74	15830.73
75	75	16920.24
76	76	17551.47
77	77	17116.19
78	78	16023.42
79	79	14916.92
80	80	13939.64
81	81	13070.03
82	82	12325.25
83	83	11997.22
84	84	12010.41
85	85	12008.43
86	86	11991.83
87	87	12307.86
88	88	13025.78
89	89	13858
90	90	14788.42
91	91	15807.42
92	92	16908.04
93	93	18084.41
94	94	19527.34
====================

