"nt"	"nds"
1	18563.153782528927
2	17345.913326328824
3	16203.191143353175
4	15139.873799528164
5	14161.688410373768
6	13276.409767838195
7	12495.73052913934
8	11838.93680819953
9	11467.063772644333
10	10911.481063883111
11	10475.993506369334
12	10305.445674373614
13	10233.32251328933
14	10441.882379918225
15	10634.578967443962
16	10675.75466478981
17	11065.230500757274
18	11579.213401161753
19	12209.711183275433
20	13266.141405160417
21	14309.70468874232
22	15297.293299759644
23	16376.30029550573
24	17302.877768776125
25	18573.14003341146
26	19259.88336692561
27	18906.791203983717
28	17725.654001633728
29	16556.82515634536
30	15478.23501455801
31	14485.823914848641
32	14391.46319504687
33	14165.917955556777
34	13824.502941958968
35	13403.712798062956
36	12958.08263316266
37	12554.412243294903
38	12262.579770422204
39	11647.350666536378
40	11146.248024972994
41	10771.753561659361
42	10792.273073642455
43	11215.59894061733
44	11786.709203473754
45	12486.099095680345
46	12991.183129721549
47	13337.512165887932
48	14278.436616132896
49	15314.332032276434
50	16476.548462994706
51	17500.603842395336
52	17415.65797773838
53	16307.840238010667
54	15236.252597138136
55	14201.147124146331
56	13263.428913031967
57	12436.043800741998
58	11728.083130435292
59	11146.162574379958
60	10705.969222988066
61	10635.74670770272
62	10432.134098387789
63	10236.63364391047
64	10308.711037795556
65	10477.78416206148
66	10771.21630904758
67	11191.89328213039
68	11578.91618205794
69	11842.163132785952
70	12527.164204893998
71	13345.413915093715
72	14275.984235824131
73	15307.364435459584
74	16354.09996025914
75	17486.379547524768
76	17616.569047481804
77	16615.82067003162
78	15431.018365999023
79	14402.817924630986
80	13476.457907986696
81	12663.59359559853
82	11986.899563114855
83	12007.534821428097
84	12013.286668420873
85	12003.582363898095
86	11980.07094679466
87	12635.642608067234
88	13415.913273702114
89	14300.077349473358
90	15276.762265215122
91	16338.079763000205
92	17477.994418417948
93	18690.816548999966
94	20363.87341602099
