"nt"	"nds"
1	17929.20111670155
2	16716.9492579135
3	15580.187119423736
4	14523.731478821215
5	13553.579966131565
6	12677.7419197169
7	11908.143820728028
8	11264.551803281158
9	10900.575402874618
10	10367.231374080695
11	9960.5420880988
12	9812.513784985762
13	9769.773276238222
14	10012.307419706953
15	10215.899650374846
16	10633.415383578133
17	11178.082909835612
18	11842.198351931404
19	12526.921471633807
20	13494.384832739674
21	14152.752879430676
22	15164.690452825147
23	16261.210570890898
24	17239.69624266024
25	18509.095743936356
26	19145.56561689587
27	18730.37322029634
28	17520.6831483414
29	16382.147738710795
30	15287.913324226098
31	14277.160954212357
32	13990.836829073687
33	13357.247244045073
34	12567.158417194041
35	11940.319566118535
36	11676.820203544834
37	11259.135877638091
38	10720.04913651909
39	10305.806938870874
40	10339.258049140104
41	10355.718027879686
42	10351.119644219334
43	10832.84927568194
44	11455.660847413134
45	12197.227798403736
46	12723.858446307564
47	13083.446122125471
48	14051.388752152425
49	15109.32830457432
50	16287.628681136874
51	17327.29751609194
52	17247.892830046418
53	16127.68557130325
54	15034.093972250303
55	13975.706928019568
56	13009.963741275364
57	12148.891991452023
58	11400.783532846597
59	10772.360053849005
60	10282.42208955103
61	10151.923343540042
62	9959.315160321374
63	9789.06063220982
64	9832.870893352496
65	9979.498291200285
66	10281.260585792736
67	10698.313666677823
68	11071.059365857454
69	11314.399895069602
70	12001.372350181366
71	12822.123961648378
72	13755.576048836021
73	14789.885321067211
74	15851.912430106293
75	16975.63341951917
76	17084.566948961223
77	16070.915518790775
78	14893.46898109122
79	13862.058163305344
80	12932.594954001412
81	12117.069284691139
82	11438.354968774658
83	11452.318879552477
84	11452.224459498613
85	11437.612365145553
86	11410.266698754429
87	12052.09996971929
88	12820.656762354836
89	13694.790978192177
90	14662.899595157096
91	15716.84962866615
92	16850.417159881814
93	18057.754669423
94	19724.991813842124
