Gaussian Denoiser Window Size: 2
Predicted sites number: 9
Predicted nucleotides number: 11

Site#1:
1
Site#2:
13
Site#3:
27
Site#4:
40
Site#5:
52
Site#6:
64
Site#7:
76
Site#8:
83
84
86
Site#9:
94

extremaRank	extremaLoc	extremaNt	extremaNDS_gd
1	13	13	9791.14
2	64	64	9810.97
3	40	40	10322.53
4	86	86	11423.94
5	83	83	11445.34
6	84	84	11452.27
7	76	76	17030.1
8	52	52	17287.6
9	1	1	17929.2
10	94	94	18891.37
11	27	27	18937.97

Gaussian Denoised Signal:
1	1	17929.2
2	2	17323.08
3	3	16148.57
4	4	15051.96
5	5	14038.66
6	6	13115.66
7	7	12292.94
8	8	11586.35
9	9	11082.56
10	10	10633.9
11	11	10163.89
12	12	9886.53
13	13	9791.14
14	14	9891.04
15	15	10114.1
16	16	10424.66
17	17	10905.75
18	18	11510.14
19	19	12184.56
20	20	13010.65
21	21	13823.57
22	22	14658.72
23	23	15712.95
24	24	16750.45
25	25	17874.4
26	26	18827.33
27	27	18937.97
28	28	18125.53
29	29	16951.42
30	30	15835.03
31	31	14782.54
32	32	14134
33	33	13674.04
34	34	12962.2
35	35	12253.74
36	36	11808.57
37	37	11467.98
38	38	10989.59
39	39	10512.93
40	40	10322.53
41	41	10347.49
42	42	10353.42
43	43	10591.98
44	44	11144.26
45	45	11826.44
46	46	12460.54
47	47	12903.65
48	48	13567.42
49	49	14580.36
50	50	15698.48
51	51	16807.46
52	52	17287.6
53	53	16687.79
54	54	15580.89
55	55	14504.9
56	56	13492.84
57	57	12579.43
58	58	11774.84
59	59	11086.57
60	60	10527.39
61	61	10217.17
62	62	10055.62
63	63	9874.19
64	64	9810.97
65	65	9906.18
66	66	10130.38
67	67	10489.79
68	68	10884.69
69	69	11192.73
70	70	11657.89
71	71	12411.75
72	72	13288.85
73	73	14272.73
74	74	15320.9
75	75	16413.77
76	76	17030.1
77	77	16577.74
78	78	15482.19
79	79	14377.76
80	80	13397.33
81	81	12524.83
82	82	11777.71
83	83	11445.34
84	84	11452.27
85	85	11444.92
86	86	11423.94
87	87	11731.18
88	88	12436.38
89	89	13257.72
90	90	14178.85
91	91	15189.87
92	92	16283.63
93	93	17454.09
94	94	18891.37
====================

