Gaussian Denoiser Window Size: 2
Predicted sites number: 9
Predicted nucleotides number: 11

Site#1:
1
Site#2:
13
Site#3:
27
Site#4:
41
Site#5:
52
Site#6:
64
Site#7:
76
Site#8:
83
84
86
Site#9:
93

extremaRank	extremaLoc	extremaNt	extremaNDS_gd
1	13	13	9609.6
2	64	64	9624.5
3	41	41	10063.44
4	86	86	11291.51
5	83	83	11312.25
6	84	84	11318.71
7	52	52	16800.22
8	76	76	16905.57
9	93	93	17399.78
10	1	1	17873.59
11	27	27	18552.21

Gaussian Denoised Signal:
1	1	17873.59
2	2	17261.92
3	3	16075.77
4	4	14966.96
5	5	13941.57
6	6	13006.86
7	7	12173.03
8	8	11456.12
9	9	10942.2
10	10	10482.87
11	11	10003.29
12	12	9716.18
13	13	9609.6
14	14	9691.42
15	15	9886.39
16	16	10171.05
17	17	10633.14
18	18	11184.4
19	19	11945.18
20	20	12863.32
21	21	13575.92
22	22	14336.73
23	23	15368.2
24	24	16387.17
25	25	17494.78
26	26	18438.23
27	27	18552.21
28	28	17753.04
29	29	16593.13
30	30	15492.05
31	31	14460.69
32	32	13916.17
33	33	13718.18
34	34	13336.29
35	35	12805.46
36	36	12195.34
37	37	11602.99
38	38	11139.63
39	39	10694.81
40	40	10241.37
41	41	10063.44
42	42	10078.23
43	43	10298.14
44	44	10812.33
45	45	11460.42
46	46	12068.4
47	47	12497.38
48	48	13145.08
49	49	14134.8
50	50	15227.87
51	51	16317.72
52	52	16800.22
53	53	16221.27
54	54	15133.66
55	55	14075.13
56	56	13086.99
57	57	12199.81
58	58	11424.26
59	59	10767.6
60	60	10241.18
61	61	9957.35
62	62	9821.27
63	63	9668.46
64	64	9624.5
65	65	9731.89
66	66	9965.39
67	67	10334.06
68	68	10740.47
69	69	11057.04
70	70	11527.75
71	71	12285.81
72	72	13165.44
73	73	14150.27
74	74	15197.12
75	75	16288.11
76	76	16905.57
77	77	16456.81
78	78	15362.79
79	79	14257.61
80	80	13275.74
81	81	12400.05
82	82	11647.98
83	83	11312.25
84	84	11318.71
85	85	11311.63
86	86	11291.51
87	87	11604.13
88	88	12319.61
89	89	13152.23
90	90	14085.38
91	91	15109.03
92	92	16215.88
93	93	17399.78
====================

