"nt"	"nds"
1	17873.590668930054
2	16650.245050781334
3	15501.298331930386
4	14432.624346173428
5	13450.515359171275
6	12563.211181906747
7	11782.839658261113
8	11129.396627446187
9	10755.00936943288
10	10210.731473251917
11	9795.854100115326
12	9636.513201384469
13	9582.695526945141
14	9800.136379175625
15	9972.652463901833
16	10369.453138246503
17	10896.818707469969
18	11471.989883075663
19	12418.360425596216
20	13308.286062074612
21	13843.557991750646
22	14829.907613938178
23	15906.490736358204
24	16867.846771153887
25	18121.72066136488
26	18754.73250267727
27	18349.679831937898
28	17156.407562472297
29	16029.85192670803
30	14954.24567712255
31	13967.127614148463
32	13865.20318787926
33	13571.153278212978
34	13101.418537315314
35	12509.498751432184
36	11881.174947349075
37	11324.795676346355
38	10954.46400181183
39	10435.14796311665
40	10047.585243906306
41	10079.295125011977
42	10077.15779238145
43	10519.114815832952
44	11105.553117401492
45	11815.278070379312
46	12321.516460392866
47	12673.250093373466
48	13616.911564607051
49	14652.692524752867
50	15803.057355510815
51	16832.37532842454
52	16768.069233236205
53	15674.47596685749
54	14592.835976484428
55	13557.417624943846
56	12616.555288846657
57	11783.059968203563
58	11065.462728193455
59	10469.743868909574
60	10012.606690670007
61	9902.101958246565
62	9740.433502455482
63	9596.485363546515
64	9652.505313039468
65	9811.265643749664
66	10119.50549375662
67	10548.607855326203
68	10932.336075523413
69	11181.741294301175
70	11873.752468578637
71	12697.86401821195
72	13633.024344346864
73	14667.515546544048
74	15726.731227346114
75	16849.480574451856
76	16961.65931367899
77	15951.966167158695
78	14773.607839643932
79	13741.61718425671
80	12809.856656417447
81	11990.250935632495
82	11305.702263221603
83	11318.804309971818
84	11318.623274561649
85	11304.646000403238
86	11278.365856506234
87	11929.89472950437
88	12709.317469260226
89	13595.146611657037
90	14575.615617915997
91	15642.453118277544
92	16789.300287246253
93	18010.26772162908
