Gaussian Denoiser Window Size: 2
Predicted sites number: 11
Predicted nucleotides number: 11

Site#1:
1
Site#2:
17
Site#3:
27
Site#4:
31
Site#5:
37
Site#6:
43
Site#7:
52
Site#8:
65
Site#9:
76
Site#10:
83
Site#11:
94

extremaRank	extremaLoc	extremaNt	extremaNDS_gd
1	65	65	10349.93
2	17	17	10373.05
3	43	43	11796.62
4	31	31	11880.05
5	83	83	12072.9
6	27	27	14940.6
7	37	37	15002.17
8	76	76	17306.12
9	52	52	18682.93
10	1	1	19130.67
11	94	94	20041.47

Gaussian Denoised Signal:
1	1	19130.67
2	2	18505.74
3	3	17291.46
4	4	16150.56
5	5	15087.82
6	6	14109.44
7	7	13224.67
8	8	12449.72
9	9	12024.59
10	10	11849.59
11	11	11601.05
12	12	11302.53
13	13	11000.12
14	14	10755.89
15	15	10566.3
16	16	10428.09
17	17	10373.05
18	18	10400.45
19	19	10600.6
20	20	10973.97
21	21	11303.1
22	22	11712.62
23	23	12373.47
24	24	13107.29
25	25	13988.28
26	26	14798.28
27	27	14940.6
28	28	14300.61
29	29	13347.81
30	30	12520.77
31	31	11880.05
32	32	11912.64
33	33	12593.82
34	34	13418.67
35	35	14253.05
36	36	14836.48
37	37	15002.17
38	38	14712.11
39	39	14051.94
40	40	13217.25
41	41	12455.92
42	42	11842.28
43	43	11796.62
44	44	12349.24
45	45	13051.87
46	46	13726.17
47	47	14192.45
48	48	14878.62
49	49	15936.65
50	50	17128.25
51	51	18275.5
52	52	18682.93
53	53	17978.24
54	54	16838.25
55	55	15753.91
56	56	14700.45
57	57	13746.89
58	58	12907.6
59	59	12195.29
60	60	11620.73
61	61	11261.1
62	62	10947.21
63	63	10576.85
64	64	10377.29
65	65	10349.93
66	66	10406.85
67	67	10549.58
68	68	10928.64
69	69	11522.19
70	70	12143.99
71	71	12840.65
72	72	13665.03
73	73	14600.78
74	74	15577.47
75	75	16630
76	76	17306.12
77	77	16949.59
78	78	15891.89
79	79	14804.73
80	80	13873.31
81	81	13053.03
82	82	12360.48
83	83	12072.9
84	84	12114.66
85	85	12143.08
86	86	12157.71
87	87	12516.09
88	88	13287.09
89	89	14170.57
90	90	15148.74
91	91	16211.6
92	92	17352.34
93	93	18565.39
94	94	20041.47
====================

