"nt"	"nds"
1	19130.66780368286
2	17880.809772885787
3	16702.116544033233
4	15599.000679922425
5	14576.643247146601
6	13642.2392135232
7	12807.097592002925
8	12092.341495124921
9	11956.847629623207
10	11742.325833213314
11	11459.782446690755
12	11145.271102606512
13	10854.977385895807
14	10656.792716630416
15	10475.807912114371
16	10380.367633887556
17	10365.735567300473
18	10435.170065594539
19	10766.019969339904
20	11181.920393670682
21	11424.289363654114
22	12000.946010921434
23	12746.001437353172
24	13468.575180452057
25	14507.975709320564
26	15088.579626432891
27	14792.617821542337
28	13808.604445984936
29	12887.006924087395
30	12154.535950034424
31	11605.565606831706
32	12219.72228309823
33	12967.913673358893
34	13869.417759620846
35	14636.681158237976
36	15036.288737108842
37	14968.047124798954
38	14456.18142800155
39	13647.70750846277
40	12786.783667537182
41	12125.047894739377
42	11559.514284064075
43	12033.71999055911
44	12664.755084365966
45	13438.989571592709
46	14013.352820862394
47	14371.537752282633
48	15385.701224986098
49	16487.60793232191
50	17768.895155906637
51	18782.102470103662
52	18583.76710833783
53	17372.715279549742
54	16303.790752936202
55	15204.022760609201
56	14196.868441843315
57	13296.90471152685
58	12518.289041348007
59	11872.283669385328
60	11369.184604955082
61	11153.022224799875
62	10741.39831657798
63	10412.303329596101
64	10342.275378516102
65	10357.586212643371
66	10456.111506066984
67	10643.050642544238
68	11214.223868820893
69	11830.16503648594
70	12457.822697410313
71	13223.4866228321
72	14106.574790599072
73	15094.983571549992
74	16059.95618126215
75	17200.048026912475
76	17412.189415800716
77	16486.996932608545
78	15296.788956908433
79	14312.669671801948
80	13433.952960477749
81	12672.113444680059
82	12048.855391330495
83	12096.94126617285
84	12132.38689070736
85	12153.776808944243
86	12161.649149230176
87	12870.527556763676
88	13703.649094215916
89	14637.49542815297
90	15659.97503152582
91	16763.22064153632
92	17941.45658345943
93	19189.3159543888
94	20893.627884795413
