Gaussian Denoiser Window Size: 2
Predicted sites number: 9
Predicted nucleotides number: 11

Site#1:
1
Site#2:
13
Site#3:
27
Site#4:
41
Site#5:
52
Site#6:
64
Site#7:
76
Site#8:
83
84
86
Site#9:
94

extremaRank	extremaLoc	extremaNt	extremaNDS_gd
1	13	13	9882.63
2	64	64	9901.51
3	41	41	10365.11
4	86	86	11520.73
5	83	83	11543.05
6	84	84	11549.79
7	76	76	17132.54
8	52	52	17177.31
9	1	1	18018.82
10	94	94	18982.74
11	27	27	19190.14

Gaussian Denoised Signal:
1	1	18018.82
2	2	17413.17
3	3	16239.58
4	4	15143.88
5	5	14131.51
6	6	13209.39
7	7	12387.4
8	8	11681.34
9	9	11177.07
10	10	10727.56
11	11	10257.38
12	12	9979.35
13	13	9882.63
14	14	9971.92
15	15	10174.05
16	16	10462.81
17	17	10920.33
18	18	11496.23
19	19	12199.01
20	20	13128.98
21	21	14032.89
22	22	14897.86
23	23	15950.73
24	24	16984.05
25	25	18106
26	26	19067.5
27	27	19190.14
28	28	18384.02
29	29	17205.89
30	30	16084.17
31	31	15031.13
32	32	14452.01
33	33	14198.12
34	34	13751.28
35	35	13174.37
36	36	12572.25
37	37	12076.42
38	38	11560.17
39	39	10991.57
40	40	10541.37
41	41	10365.11
42	42	10383.06
43	43	10609.02
44	44	11132.29
45	45	11788.82
46	46	12403.05
47	47	12836.09
48	48	13489.87
49	49	14488.28
50	50	15589.58
51	51	16688.45
52	52	17177.31
53	53	16595.08
54	54	15498.17
55	55	14430.06
56	56	13432.85
57	57	12536.87
58	58	11752.52
59	59	11086.87
60	60	10551.14
61	61	10259.58
62	62	10116.04
63	63	9954.63
64	64	9901.51
65	65	9998.72
66	66	10224.17
67	67	10584.58
68	68	10980.78
69	69	11289.92
70	70	11756.02
71	71	12510.82
72	72	13388.75
73	73	14373.42
74	74	15422.2
75	75	16515.71
76	76	17132.54
77	77	16679.94
78	78	15583.75
79	79	14478.6
80	80	13497.39
81	81	12624.07
82	82	11876
83	83	11543.05
84	84	11549.79
85	85	11542.12
86	86	11520.73
87	87	11827.6
88	88	12532.44
89	89	13353.25
90	90	14273.64
91	91	15283.84
92	92	16376.75
93	93	17546.35
94	94	18982.74
====================

