"nt"	"nds"
1	18018.81769354648
2	16807.522351458174
3	15671.640613946434
4	14616.117508314648
5	13646.910788525773
6	12771.865211281589
7	12002.926007780043
8	11359.757330179646
9	10994.378123649596
10	10460.73410847952
11	10054.024133591412
12	9904.681314563093
13	9860.577134037774
14	10083.266073428009
15	10264.827115044805
16	10660.795353922242
17	11179.873874981153
18	11812.585760803096
19	12585.425415842401
20	13672.537186108542
21	14393.245759536976
22	15402.474575167456
23	16498.98331214244
24	17469.12068188088
25	18742.876139279913
26	19392.12660241991
27	18988.159901257673
28	17779.876084455802
29	16631.90295740093
30	15536.43313405167
31	14525.824505596967
32	14378.20117673757
33	14018.033015400208
34	13484.531198821769
35	12864.199067489051
36	12280.301609567518
37	11872.54197918036
38	11247.80774228959
39	10735.323642059739
40	10347.424697722092
41	10382.793392817746
42	10383.3307107241
43	10834.70193960213
44	11429.878443651367
45	12147.765391654784
46	12658.340508862431
47	13013.846771028295
48	13965.897973519579
49	15010.662561545927
50	16168.494399787613
51	17208.405773916507
52	17146.208838511317
53	16043.944604445871
54	14952.390092691112
55	13907.72138782857
56	12957.985514071472
57	12115.751394893188
58	11389.298543573981
59	10784.443975559578
60	10317.830341850953
61	10201.33862417666
62	10030.734333639013
63	9878.520542744287
64	9924.498817823629
65	10072.948615899344
66	10375.396785603645
67	10793.754538160934
68	11167.801376315736
69	11412.036025787487
70	12100.003690584448
71	12921.64342640497
72	13855.856457313434
73	14890.990593135548
74	15953.409374944978
75	17078.006115943354
76	17187.081611626778
77	16172.796132213969
78	14994.702326023682
79	13962.502640832015
80	13032.273578197279
81	12215.857658755482
82	11536.146722592177
83	11549.955998915877
84	11549.626456023443
85	11534.623084620682
86	11506.828513639875
87	12148.378270925647
88	12916.492928550046
89	13789.999738550661
90	14757.286435728689
91	15810.403091053515
92	16943.090511204417
93	18149.603419872885
94	19815.880540351056
