"nt"	"nds"
1	18804.11954779386
2	17554.340090225396
3	16375.821229881542
4	15273.009791251896
5	14251.134087109574
6	13317.455770433293
7	12483.377813669558
8	11770.158977540064
9	11636.308426034433
10	11423.914870129727
11	11143.568349162004
12	10831.116056103478
13	10542.87104139937
14	10346.823853016987
15	10173.126063213616
16	10089.141177708045
17	10094.695752771247
18	10349.536381362554
19	10696.810192280458
20	10962.37213251118
21	11075.29616927465
22	11652.11944218807
23	12400.470492959486
24	13134.949142814467
25	14176.638763695479
26	14748.274295970095
27	14440.909650683205
28	13450.90623400501
29	12532.025258110594
30	11797.101660172792
31	11247.864262496574
32	11858.510843053553
33	12607.48195834643
34	13506.570371432428
35	14268.905380949931
36	14663.272638409957
37	14591.44272548812
38	14078.537166339176
39	13271.181752362601
40	12412.822411824241
41	11754.847971356561
42	11195.159425959722
43	11663.649526898043
44	12291.597835117005
45	13064.445502415589
46	13637.83145822699
47	13996.697619456902
48	15011.289146989451
49	16114.030471372449
50	17393.75997757041
51	18410.475384798607
52	18218.268888502735
53	17009.382245535362
54	15935.463104709364
55	14834.540492782891
56	13826.505825539321
57	12926.152193344895
58	12148.178571015642
59	11504.3486215018
60	11006.925283428382
61	10913.800975036113
62	10673.240997299234
63	10324.93086162918
64	10075.032191865985
65	10069.526995012218
66	10155.973904621187
67	10335.196664633455
68	10905.208425360604
69	11514.652763499444
70	12143.507366108055
71	12910.911763973188
72	13796.104725704874
73	14786.847095386878
74	15758.055754673269
75	16896.91256671711
76	17102.332794564532
77	16172.171538832186
78	14982.879470138038
79	13996.707193599897
80	13116.225444655174
81	12353.03745685981
82	11729.006463265307
83	11775.926585479747
84	11810.456615971696
85	11831.214626490859
86	11838.756417652901
87	12545.723407330357
88	13377.465029216957
89	14310.32687187624
90	15332.117307668415
91	16434.8951895948
92	17612.83013619259
93	18860.51449520901
94	20564.45467760286
