Gaussian Denoiser Window Size: 2
Predicted sites number: 11
Predicted nucleotides number: 11

Site#1:
1
Site#2:
17
Site#3:
27
Site#4:
31
Site#5:
37
Site#6:
43
Site#7:
52
Site#8:
65
Site#9:
76
Site#10:
83
Site#11:
94

extremaRank	extremaLoc	extremaNt	extremaNDS_gd
1	65	65	10072.28
2	17	17	10091.92
3	43	43	11429.4
4	31	31	11522.48
5	83	83	11752.47
6	27	27	14594.59
7	37	37	14627.36
8	76	76	16999.62
9	52	52	18314.37
10	1	1	18804.12
11	94	94	19712.48

Gaussian Denoised Signal:
1	1	18804.12
2	2	18179.23
3	3	16965.08
4	4	15824.42
5	5	14762.07
6	6	13784.29
7	7	12900.42
8	8	12126.77
9	9	11703.23
10	10	11530.11
11	11	11283.74
12	12	10987.34
13	13	10686.99
14	14	10444.85
15	15	10259.97
16	16	10131.13
17	17	10091.92
18	18	10222.12
19	19	10523.17
20	20	10829.59
21	21	11018.83
22	22	11363.71
23	23	12026.29
24	24	12767.71
25	25	13655.79
26	26	14462.46
27	27	14594.59
28	28	13945.91
29	29	12991.47
30	30	12164.56
31	31	11522.48
32	32	11553.19
33	33	12233
34	34	13057.03
35	35	13887.74
36	36	14466.09
37	37	14627.36
38	38	14334.99
39	39	13674.86
40	40	12842
41	41	12083.84
42	42	11475
43	43	11429.4
44	44	11977.62
45	45	12678.02
46	46	13351.14
47	47	13817.26
48	48	14503.99
49	49	15562.66
50	50	16753.9
51	51	17902.12
52	52	18314.37
53	53	17613.83
54	54	16472.42
55	55	15385
56	56	14330.52
57	57	13376.33
58	58	12537.17
59	59	11826.26
60	60	11255.64
61	61	10960.36
62	62	10793.52
63	63	10499.09
64	64	10199.98
65	65	10072.28
66	66	10112.75
67	67	10245.59
68	68	10620.2
69	69	11209.93
70	70	11829.08
71	71	12527.21
72	72	13353.51
73	73	14291.48
74	74	15272.45
75	75	16327.48
76	76	16999.62
77	77	16637.25
78	78	15577.53
79	79	14489.79
80	80	13556.47
81	81	12734.63
82	82	12041.02
83	83	11752.47
84	84	11793.19
85	85	11820.84
86	86	11834.99
87	87	12192.24
88	88	12961.59
89	89	13843.9
90	90	14821.22
91	91	15883.51
92	92	17023.86
93	93	18236.67
94	94	19712.48
====================

