"nt"	"nds"
1	18526.184597312185
2	17314.952670789673
3	16178.85008955581
4	15122.802988248859
5	14152.450782453796
6	13275.690805263694
7	12504.207939056476
8	11857.409396016918
9	11483.251552405845
10	10939.391377261487
11	10524.34995786133
12	10361.270582254663
13	10297.803555121753
14	10549.559581766162
15	10676.228578560773
16	11035.223212919242
17	11513.653160434307
18	12100.196229094736
19	12790.725006287237
20	13862.523678287007
21	14905.271115034622
22	15914.728064034389
23	17010.83057934213
24	17957.36976069993
25	19237.62620097824
26	19917.055018783816
27	19544.78507040898
28	18346.984488418133
29	17177.538266671796
30	16082.48824064945
31	15069.700301442137
32	14934.049540399572
33	14631.511291592144
34	14194.607894502156
35	13689.286978409848
36	13207.26718597587
37	12852.23375418896
38	12173.24318976594
39	11594.78112008341
40	11124.227622909983
41	10776.678949049809
42	10810.694884498318
43	11228.644940474289
44	11792.734756232567
45	12483.521949476919
46	12979.297428348844
47	13325.42882913422
48	14257.315806107928
49	15284.502445486942
50	16427.28158424638
51	17455.03951417705
52	17391.53807010003
53	16300.82276272713
54	15225.719913123823
55	14198.684618851657
56	13269.155324477546
57	12449.88333603756
58	11749.349077683919
59	11173.44817629763
60	10737.697949512165
61	10664.042697217368
62	10481.904414065233
63	10310.356236662872
64	10375.86374861735
65	10538.540221124118
66	10839.380710582604
67	11261.5505268967
68	11644.165770147527
69	11898.520701886488
70	12586.80895062657
71	13408.253135887951
72	14341.801558184574
73	15375.920474645662
74	16430.928002318204
75	17560.203169662214
76	17679.982974387753
77	16671.315953132642
78	15489.35710190427
79	14458.067318646135
80	13528.323641544326
81	12711.832697856551
82	12031.406936304242
83	12047.454508590523
84	12048.703193569692
85	12034.693272606586
86	12007.11041680908
87	12652.960846396889
88	13424.184963396277
89	14299.877991940484
90	15268.698985744071
91	16322.639167331716
92	17455.80340418453
93	18662.4557498888
94	20329.371088557455
