"nt"	"nds"
1	17996.641733868506
2	16785.363011312635
3	15649.603097212255
4	14594.169789066125
5	13625.046498347367
6	12750.221590846588
7	11981.591234438345
8	11338.878616944186
9	10974.585285023844
10	10442.053083092453
11	10036.25608638031
12	9888.251760005685
13	9845.370195360489
14	10087.942894146074
15	10291.124702889634
16	10708.470614146772
17	11251.077677710819
18	11906.401951030728
19	12644.688831867481
20	13682.60059992239
21	14374.30984714895
22	15385.567241059214
23	16482.555720003773
24	17459.72185461413
25	18730.824635712914
26	19370.155584509062
27	18956.297243754503
28	17745.482320438758
29	16605.016882808082
30	15509.511457108405
31	14497.930683781755
32	14291.764403534868
33	13816.64257224228
34	13157.7673044863
35	12477.220211598276
36	11982.103951987261
37	11332.12896220252
38	10792.823237371049
39	10378.366285582775
40	10409.636815255355
41	10424.290784052078
42	10418.771487248436
43	10894.426884674514
44	11510.606014269075
45	12245.668750507579
46	12767.675047072928
47	13125.773044120091
48	14088.525552113986
49	15141.898732137073
50	16313.325286514779
51	17352.496216480835
52	17278.346868846533
53	16163.91844781217
54	15071.5575624806
55	14017.643133109828
56	13056.829979439923
57	12201.150570395392
58	11458.702782662143
59	10835.818928670335
60	10350.829652302305
61	10222.52577764059
62	10032.253623605156
63	9863.729334400901
64	9908.146739340344
65	10055.083132948308
66	10356.489747412179
67	10773.489650517166
68	11146.475731018329
69	11390.057079683218
70	12076.967186839212
71	12897.648155820729
72	13831.025890361863
73	14865.259949195299
74	15926.972446251919
75	17050.85189592019
76	17160.085322351322
77	16146.521386399412
78	14969.066781175754
79	13937.691441247553
80	13008.250575520811
81	12192.72737094523
82	11513.985699846276
83	11527.845435386089
84	11527.59842235984
85	11512.792719740919
86	11485.224088008159
87	12126.380736189407
88	12894.141462585063
89	13767.404169730391
90	14734.599081134369
91	15787.617455614862
92	16920.25290739121
93	18126.67037946043
94	19792.96270705726
