Gaussian Denoiser Window Size: 2
Predicted sites number: 9
Predicted nucleotides number: 11

Site#1:
1
Site#2:
13
Site#3:
27
Site#4:
40
Site#5:
52
Site#6:
64
Site#7:
76
Site#8:
83
84
86
Site#9:
94

extremaRank	extremaLoc	extremaNt	extremaNDS_gd
1	13	13	9866.81
2	64	64	9885.94
3	40	40	10394
4	86	86	11499.01
5	83	83	11520.92
6	84	84	11527.72
7	76	76	17105.47
8	52	52	17315.42
9	1	1	17996.64
10	94	94	18959.82
11	27	27	19163.23

Gaussian Denoised Signal:
1	1	17996.64
2	2	17391
3	3	16217.48
4	4	15121.89
5	5	14109.61
6	6	13187.63
7	7	12365.91
8	8	11660.23
9	9	11156.73
10	10	10708.32
11	11	10239.15
12	12	9962.25
13	13	9866.81
14	14	9966.66
15	15	10189.53
16	16	10499.8
17	17	10979.77
18	18	11578.74
19	19	12275.55
20	20	13163.64
21	21	14028.46
22	22	14879.94
23	23	15934.06
24	24	16971.14
25	25	18095.27
26	26	19050.49
27	27	19163.23
28	28	18350.89
29	29	17175.25
30	30	16057.26
31	31	15003.72
32	32	14394.85
33	33	14054.2
34	34	13487.2
35	35	12817.49
36	36	12229.66
37	37	11657.12
38	38	11062.48
39	39	10585.59
40	40	10394
41	41	10416.96
42	42	10421.53
43	43	10656.6
44	44	11202.52
45	45	11878.14
46	46	12506.67
47	47	12946.72
48	48	13607.15
49	49	14615.21
50	50	15727.61
51	51	16832.91
52	52	17315.42
53	53	16721.13
54	54	15617.74
55	55	14544.6
56	56	13537.24
57	57	12628.99
58	58	11829.93
59	59	11147.26
60	60	10593.32
61	61	10286.68
62	62	10127.39
63	63	9947.99
64	64	9885.94
65	65	9981.61
66	66	10205.79
67	67	10564.99
68	68	10959.98
69	69	11268.27
70	70	11733.51
71	71	12487.31
72	72	13364.34
73	73	14348.14
74	74	15396.12
75	75	16488.91
76	76	17105.47
77	77	16653.3
78	78	15557.79
79	79	14453.38
80	80	13472.97
81	81	12600.49
82	82	11853.36
83	83	11520.92
84	84	11527.72
85	85	11520.2
86	86	11499.01
87	87	11805.8
88	88	12510.26
89	89	13330.77
90	90	14251
91	91	15261.11
92	92	16353.94
93	93	17523.46
94	94	18959.82
====================

