"nt"	"nds"
1	10471.194515275152
2	9609.34182933725
3	8827.031771522581
4	8131.943773520957
5	7534.113984776646
6	7053.136922531537
7	7085.699135085782
8	7115.270302012698
9	7135.82819776816
10	7143.968167030707
11	7138.633444400187
12	7120.827970697954
13	7093.489798062982
14	7061.712372852505
15	7032.793423939913
16	7492.2893335955805
17	8060.218542416911
18	8716.541692919509
19	9455.350129724018
20	10144.029754191382
21	11064.313638062386
22	11779.005614994394
23	12015.147467473811
24	11694.991409012455
25	10933.492896826156
26	10027.954716369279
27	9410.783835458291
28	8672.110408160357
29	8016.744798699618
30	7451.290568891115
31	6995.675974639929
32	6982.963465204834
33	6964.895286414645
34	6927.115212197265
35	6864.583568084245
36	6780.362256241593
37	6685.053559209973
38	6596.850587301592
39	6541.787469320165
40	6768.407918361049
41	7087.595870428134
42	7489.028990947838
43	7974.314074698643
44	8540.64667767364
45	9178.816387726454
46	9886.155046239415
47	10664.25995998751
48	11319.362490032463
49	12256.297040991485
50	13028.217700395042
51	13332.46822267087
52	13060.96042974806
53	12308.262682043587
54	11366.837069798961
55	10682.989390248711
56	9905.773914306237
57	9199.253615660642
58	8561.405774026807
59	7993.242336107472
60	7793.742526468649
61	7489.983939623204
62	7094.481607355927
63	6781.736643899824
64	6563.547141635016
65	6810.763434285506
66	6989.757219711745
67	7456.704025970925
68	8045.796410537613
69	8737.342045229776
70	9519.052285218813
71	10381.943423704224
