"nt"	"nds"
1	8218.59742981604
2	7916.197773390524
3	7399.917987623853
4	6769.580171987242
5	6175.054767280328
6	5807.205131157515
7	5330.230596244256
8	4926.6017243068745
9	4593.558164124481
10	4337.295998329285
11	4158.2107891163705
12	4052.201045902834
13	4024.863665309784
14	4231.185349110921
15	4398.037323972125
16	4730.080113116031
17	5164.788304434371
18	5554.428559567222
19	6159.825427812204
20	6691.066846644309
21	6941.600097964853
22	6820.969922759045
23	6362.192288141575
24	5732.82116701862
25	5232.509859430499
26	4797.746505698079
27	4467.1056814657595
28	4495.853137570338
29	4504.118247804918
30	4891.334527634567
31	5391.951702821194
32	6069.465787552305
33	6440.28938758853
34	6025.714472597181
35	5367.827490094004
36	4864.161315356015
37	4467.588776019701
38	4396.69554069568
39	4282.832866745669
40	4146.770262245981
41	4036.767666764312
42	4068.42126688154
43	4175.88512503437
44	4352.954416301961
45	4527.394131959704
46	4622.209211966392
47	4956.891744018701
48	5359.9328423438765
49	5835.828353645376
50	6252.792664430736
51	6872.143961624217
52	7500.0156550783595
53	7991.795418110703
