"nt"	"nds"
1	3689.0407027913443
2	3249.540275833339
3	2868.5580760875614
4	2548.2371549850855
5	2290.152438528511
6	2096.7399386723423
7	1974.2008706874053
8	2035.3455073125792
9	2106.059935685158
10	2159.5782201998536
11	2182.4376917191644
12	2171.8692040278443
13	2135.9889753831885
14	2095.8906586744533
15	2294.4982566369854
16	2570.314856502761
17	2933.8726899397784
18	3236.308277038217
19	3394.304328888193
20	3373.2653806180588
21	3179.409289227453
22	2859.7856244079494
23	2508.754121796728
24	2272.45100163348
25	2075.3079583844483
26	2084.841354636679
27	2041.2997619339808
28	1963.2719775827454
29	2083.469322872512
30	2275.9827362071123
31	2534.207103597281
32	2855.0703599853177
33	3236.7259482406143
34	3676.9193830278473
