Gaussian Denoiser Window Size: 2
Predicted sites number: 4
Predicted nucleotides number: 4

Site#1:
6
Site#2:
17
Site#3:
26
Site#4:
37

extremaRank	extremaLoc	extremaNt	extremaNDS_gd
1	17	17	3011.42
2	37	37	3011.91
3	26	26	5424.48
4	6	6	5637.65

Gaussian Denoised Signal:
1	1	4019.49
2	2	4208.63
3	3	4602.5
4	4	5061.18
5	5	5477.4
6	6	5637.65
7	7	5469.99
8	8	5048.98
9	9	4592.01
10	10	4199.17
11	11	3899.54
12	12	3654.68
13	13	3407.02
14	14	3215.06
15	15	3084.38
16	16	3015.89
17	17	3011.42
18	18	3075.11
19	19	3244.71
20	20	3520.76
21	21	3798.63
22	22	3979.79
23	23	4244.56
24	24	4693.97
25	25	5174.17
26	26	5424.48
27	27	5217.4
28	28	4736.84
29	29	4272.2
30	30	4051.75
31	31	3983.46
32	32	3839.37
33	33	3632.48
34	34	3399.96
35	35	3202.36
36	36	3073.15
37	37	3011.91
38	38	3018.19
39	39	3088.25
40	40	3220.92
41	41	3416.22
====================

