"nt"	"nds"
1	4019.487281309118
2	4397.774994381202
3	4807.228927838104
4	5315.137333110267
5	5639.656186010866
6	5635.647903369636
7	5304.341656964608
8	4793.6235796852025
9	4390.390172704883
10	4007.956173209018
11	3791.1286062643026
12	3518.228294261507
13	3295.8072655086385
14	3134.3161829138917
15	3034.4410955594517
16	2997.340302927449
17	3025.4918959422903
18	3124.718968698898
19	3364.7020756798915
20	3676.826972651829
21	3920.4241422555874
22	4039.155324602478
23	4449.965068091879
24	4937.981147855437
25	5410.350377757851
26	5438.609282572737
27	4996.19979708182
28	4477.486953866297
29	4066.904499287182
30	4036.5915752079036
31	3930.3298499367547
32	3748.4076710412905
33	3516.560792771054
34	3283.366001463936
35	3121.3462056109515
36	3024.956030559642
37	2998.856729521126
38	3037.5132841488416
39	3138.9964350690198
40	3302.83376696963
41	3529.6158476498053
