"nt"	"nds"
1	4004.488042893739
2	4382.9525120795415
3	4793.5668235184585
4	5301.551729066006
5	5625.163583096158
6	5619.892649080752
7	5287.613875267195
8	4776.689986189959
9	4374.220112337371
10	3991.5469497127697
11	3773.885041190699
12	3501.3067408673137
13	3278.4593151838308
14	3116.41199908398
15	3015.7865989797724
16	2977.632560953563
17	3004.236471930474
18	3100.9756970713674
19	3377.441459855736
20	3681.4250390146426
21	3844.3930231596287
22	4229.301779179022
23	4647.959534074116
24	5156.32368222513
25	5398.426094287699
26	5230.749630569705
27	4744.406842832993
28	4270.437665598422
29	3885.4281406218315
30	3867.8173936346384
31	3785.313622236358
32	3635.8420741489736
33	3440.1545546848465
34	3239.7376964514324
35	3096.6583696778052
36	3004.224933847089
37	2980.3736837226493
38	3020.3421749513705
39	3122.6483462272176
40	3287.034416589903
41	3514.2001821159165
