Gaussian Denoiser Window Size: 2
Predicted sites number: 4
Predicted nucleotides number: 4

Site#1:
6
Site#2:
17
Site#3:
26
Site#4:
37

extremaRank	extremaLoc	extremaNt	extremaNDS_gd
1	17	17	2990.93
2	37	37	2992.3
3	26	26	5314.59
4	6	6	5622.53

Gaussian Denoised Signal:
1	1	4004.49
2	2	4193.72
3	3	4588.26
4	4	5047.56
5	5	5463.36
6	6	5622.53
7	7	5453.75
8	8	5032.15
9	9	4575.46
10	10	4182.88
11	11	3882.72
12	12	3637.6
13	13	3389.88
14	14	3197.44
15	15	3066.1
16	16	2996.71
17	17	2990.93
18	18	3052.61
19	19	3239.21
20	20	3529.43
21	21	3762.91
22	22	4036.85
23	23	4438.63
24	24	4902.14
25	25	5277.37
26	26	5314.59
27	27	4987.58
28	28	4507.42
29	29	4077.93
30	30	3876.62
31	31	3826.57
32	32	3710.58
33	33	3538
34	34	3339.95
35	35	3168.2
36	36	3050.44
37	37	2992.3
38	38	3000.36
39	39	3071.5
40	40	3204.84
41	41	3400.62
====================

