Gaussian Denoiser Window Size: 2
Predicted sites number: 5
Predicted nucleotides number: 5

Site#1:
1
Site#2:
17
Site#3:
33
Site#4:
51
Site#5:
69

extremaRank	extremaLoc	extremaNt	extremaNDS_gd
1	17	17	7741.17
2	51	51	7767.72
3	69	69	14926.96
4	1	1	15366.64
5	33	33	15409.48

Gaussian Denoised Signal:
1	1	15366.64
2	2	14882.91
3	3	13944.21
4	4	13063.87
5	5	12243.02
6	6	11482.17
7	7	10781.76
8	8	10142.47
9	9	9565.85
10	10	9056.85
11	11	8629.95
12	12	8353.21
13	13	8124.23
14	14	7947.68
15	15	7828.4
16	16	7755.4
17	17	7741.17
18	18	7751.6
19	19	7887.67
20	20	8033.46
21	21	8233.27
22	22	8482.62
23	23	8767.45
24	24	9185.99
25	25	9686.42
26	26	10261.31
27	27	10901.18
28	28	11602.94
29	29	12365.83
30	30	13190.08
31	31	14063.96
32	32	14949.75
33	33	15409.48
34	34	15011.68
35	35	14125.83
36	36	13231.48
37	37	12409.27
38	38	11648.5
39	39	10948.77
40	40	10310.18
41	41	9733.5
42	42	9410.52
43	43	9268.93
44	44	9070.91
45	45	8778.61
46	46	8506.39
47	47	8258.36
48	48	8059.63
49	49	7914.23
50	50	7769.5
51	51	7767.72
52	52	7782.19
53	53	7856.68
54	54	7975.69
55	55	8150.46
56	56	8374.39
57	57	8519.53
58	58	8659.32
59	59	8775.95
60	60	8849.12
61	61	9113.63
62	62	9625.84
63	63	10201.08
64	64	10837.84
65	65	11535.54
66	66	12293.79
67	67	13112.22
68	68	13990.32
69	69	14926.96
====================

