"nt"	"nds"
1	15366.640270070919
2	14399.173600264401
3	13489.2469911843
4	12638.493205191433
5	11847.538296849509
6	11116.792316518078
7	10446.726537338165
8	9838.205797750381
9	9293.497258638272
10	8820.199093096644
11	8439.706307246961
12	8266.714390210245
13	7981.746335391252
14	7913.621336632199
15	7743.186932326954
16	7767.609149655742
17	7714.72197342997
18	7788.471882964152
19	7986.869827145494
20	8080.057337419538
21	8386.486980526872
22	8578.747655760195
23	8956.154821101101
24	9415.815894439605
25	9957.015524572082
26	10565.609872896932
27	11236.753240624605
28	11969.130867056352
29	12762.52495077944
30	13617.631056945882
31	14510.284294051115
32	15389.219366772988
33	15429.750048649305
34	14593.599997184714
35	13658.050290485295
36	12804.919668615232
37	12013.617392306778
38	11283.38851703296
39	10614.152180411704
40	10006.198585056276
41	9460.805135898661
42	9360.230137470828
43	9177.63300853642
44	8964.178029390092
45	8593.050331681809
46	8419.720750115084
47	8097.005259489017
48	8022.252718776382
49	7806.201332919882
50	7732.7954175543855
51	7802.644856462816
52	7761.725593327922
53	7951.628070061664
54	7999.757537983385
55	8301.158017414502
56	8447.619381418412
57	8591.43372454218
58	8727.215640967877
59	8824.677532756334
60	8873.564679273328
61	9353.693093303395
62	9897.985083068128
63	10504.169466307923
64	11171.511693368275
65	11899.572227427534
66	12688.004160467228
67	13536.427135934291
68	14444.212444995594
69	15409.713758367283
