"nt"	"nds"
1	7096.448836495977
2	6937.888757996806
3	6816.429432204127
4	6766.033431802485
5	6783.006800109872
6	6870.283243744813
7	6999.924457655106
8	7164.60603604713
9	7323.565335590672
10	7447.272048238039
11	7520.070942373368
12	7540.893819343323
13	7522.460491803381
14	7896.927162786941
15	8342.298869991144
16	8854.29898893193
17	9433.243236894274
18	10083.279071261182
19	10659.827294584067
20	11473.01490316874
21	12239.638760260748
22	12750.87669013147
23	12888.49236715886
24	12624.710116239059
25	12020.680648634398
26	11224.389770618365
27	10462.544037120693
28	10009.348718611833
29	9355.979129020321
30	8773.820983638056
31	8259.278300121448
32	7813.380038743018
33	7442.213629760398
34	7186.09765246737
35	6838.672583849406
36	6743.431570387177
37	6723.022624305212
38	6773.3685780886635
39	6897.47334655489
40	7210.035291948534
41	7589.991933940856
42	7809.612470420177
43	8235.217623334911
44	8736.247901025126
45	9305.911733155841
46	9942.264005290219
47	10647.077852451745
48	11200.87368363321
49	12049.58561917642
50	12785.019300694603
51	13115.282797418082
52	12919.773402113184
53	12263.390095174678
54	11396.288583693862
55	10724.16248429768
56	10022.800810340634
57	9389.916132024931
58	8823.173951899353
59	8323.717201210033
60	7897.764849715926
61	7927.860116494251
62	7914.401434116928
63	7841.3736713638555
64	7706.8852247220775
65	7522.598930179536
