Gaussian Denoiser Window Size: 2
Predicted sites number: 6
Predicted nucleotides number: 7

Site#1:
1
Site#2:
5
Site#3:
23
Site#4:
37
Site#5:
52
Site#6:
61
62

extremaRank	extremaLoc	extremaNt	extremaNDS_gd
1	37	37	6733.23
2	5	5	6774.52
3	1	1	7096.45
4	61	61	7912.81
5	62	62	7921.13
6	23	23	12819.68
7	52	52	13017.53

Gaussian Denoised Signal:
1	1	7096.45
2	2	7017.17
3	3	6877.16
4	4	6791.23
5	5	6774.52
6	6	6826.65
7	7	6935.1
8	8	7082.27
9	9	7244.09
10	10	7385.42
11	11	7483.67
12	12	7530.48
13	13	7531.68
14	14	7709.69
15	15	8119.61
16	16	8598.3
17	17	9143.77
18	18	9758.26
19	19	10371.55
20	20	11066.42
21	21	11856.33
22	22	12495.26
23	23	12819.68
24	24	12756.6
25	25	12322.7
26	26	11622.54
27	27	10843.47
28	28	10235.95
29	29	9682.66
30	30	9064.9
31	31	8516.55
32	32	8036.33
33	33	7627.8
34	34	7314.16
35	35	7012.39
36	36	6791.05
37	37	6733.23
38	38	6748.2
39	39	6835.42
40	40	7053.75
41	41	7400.01
42	42	7699.8
43	43	8022.42
44	44	8485.73
45	45	9021.08
46	46	9624.09
47	47	10294.67
48	48	10923.98
49	49	11625.23
50	50	12417.3
51	51	12950.15
52	52	13017.53
53	53	12591.58
54	54	11829.84
55	55	11060.23
56	56	10373.48
57	57	9706.36
58	58	9106.55
59	59	8573.45
60	60	8110.74
61	61	7912.81
62	62	7921.13
63	63	7877.89
64	64	7774.13
65	65	7614.74
====================

