"nt"	"nds"
1	26462.905613688374
2	25593.294419755668
3	24220.54685782372
4	22997.887248767114
5	21834.124161960885
6	20731.72712789334
7	19903.097580243957
8	18935.523339215582
9	18005.86769451921
10	17139.01240908949
11	16334.823298565567
12	15595.523971854574
13	15091.073372151657
14	14464.21468685566
15	13958.94304749368
16	13558.418603099262
17	13235.040931535994
18	13212.397076678395
19	13112.772945998644
20	12946.101139304657
21	12793.822667322316
22	12715.388410001999
23	12860.241738849845
24	13012.756333369374
25	13076.656310062579
26	13039.278651586405
27	12965.180525893704
28	13187.75450315325
29	13481.604984724547
30	13843.173634829707
31	14274.775818573888
32	14734.72010744711
33	15342.433004096683
34	15818.163187670687
35	16037.295516070886
36	16745.555395554366
37	17215.197151798322
38	17829.46237243941
39	18354.185931769676
40	18641.257647200837
41	19586.38206199803
42	20597.166927586873
43	21671.296956815433
44	22809.706665970203
45	23918.84317392992
46	25170.70827468815
47	25663.183556742777
48	25078.67359244725
49	23800.96499967231
50	22758.508810970947
51	21618.465732371493
52	20542.900436250235
53	19531.80456481521
54	18588.67840677723
55	17754.80264324968
56	16746.314804825288
57	16032.787096887618
58	15799.768219501942
59	15314.197650178108
60	14709.61887015615
61	14264.999794757088
62	13832.886751911949
63	13471.149751055806
64	13177.676722327991
65	12956.221257757616
66	13025.285527189175
67	13019.903790209974
68	12878.19944544
69	12712.077734339615
70	12793.790354761708
71	13085.734850514304
72	13221.27154837321
73	13539.079301819194
74	13927.762136062205
75	14071.419014115294
76	14219.513637619511
77	14347.709033978552
78	14441.750246053289
79	14496.353195023137
80	15185.075424748366
81	15641.858209406762
82	16380.690389123576
83	17183.343098881232
84	18048.573823340856
85	18976.644617258706
86	19983.910107410655
87	20770.686742021357
88	21872.391921146635
89	23036.479198048426
90	24261.27127502123
