"nt"	"nds"
1	9656.365737143551
2	9112.036449959596
3	8633.013309414795
4	8223.87496095366
5	7900.4077656701875
6	7662.815795433173
7	7497.722444542334
8	7405.004536460599
9	7390.702480462667
10	7611.373140563338
11	7816.644206272126
12	8244.656734113805
13	8806.22534912596
14	9448.512776938065
15	10156.515728340311
16	10242.646471876904
17	9621.372876861384
18	8887.603323714533
19	8327.749897079357
20	7902.6889301120655
21	7915.706773843367
22	7910.905713543927
23	7893.283661047462
24	8264.86264003269
25	8732.520546148646
26	9281.472198894275
27	9904.67110524787
28	10598.087117378209
29	11359.637185192241
30	12189.403146197219
31	13049.122857585393
32	13983.98064783223
33	14330.28320680108
34	13877.49916056579
35	12915.0809894162
36	12132.224972078102
37	11301.769548408902
38	10539.810467391255
39	9846.499305574498
40	9224.041485362868
41	8676.590306302705
42	8211.470249811273
43	7842.363217070258
44	7744.987831963927
45	7557.455910290093
46	7378.37041233655
47	7393.185415804153
48	7485.805045029505
49	7649.52864565484
50	7881.447771236694
51	8030.910801347645
52	8158.8311821545985
53	8229.307289029364
54	8642.680518048079
55	9120.14394220805
56	9659.688515791162
57	10283.688304715417
58	10752.608441694842
59	11449.315964178451
60	12206.680912051126
61	13025.246640073325
62	13905.731802973565
63	14847.49171917569
64	15728.112551448467
65	15722.758438053681
66	14836.421641668057
67	13900.431472873248
68	13019.915328863493
69	12201.705143498952
70	11445.451655068407
71	10751.68406321704
