Gaussian Denoiser Window Size: 2
Predicted sites number: 6
Predicted nucleotides number: 8

Site#1:
9
Site#2:
16
Site#3:
21
22
23
Site#4:
33
Site#5:
47
Site#6:
65

extremaRank	extremaLoc	extremaNt	extremaNDS_gd
1	47	47	7385.78
2	9	9	7397.85
3	23	23	7902.09
4	21	21	7909.2
5	22	22	7913.31
6	16	16	10199.58
7	33	33	14157.13
8	65	65	15725.44

Gaussian Denoised Signal:
1	1	9656.37
2	2	9384.2
3	3	8872.52
4	4	8428.44
5	5	8062.14
6	6	7781.61
7	7	7580.27
8	8	7451.36
9	9	7397.85
10	10	7501.04
11	11	7714.01
12	12	8030.65
13	13	8525.44
14	14	9127.37
15	15	9802.51
16	16	10199.58
17	17	9932.01
18	18	9254.49
19	19	8607.68
20	20	8115.22
21	21	7909.2
22	22	7913.31
23	23	7902.09
24	24	8079.07
25	25	8498.69
26	26	9007
27	27	9593.07
28	28	10251.38
29	29	10978.86
30	30	11774.52
31	31	12619.26
32	32	13516.55
33	33	14157.13
34	34	14103.89
35	35	13396.29
36	36	12523.65
37	37	11717
38	38	10920.79
39	39	10193.15
40	40	9535.27
41	41	8950.32
42	42	8444.03
43	43	8026.92
44	44	7793.68
45	45	7651.22
46	46	7467.91
47	47	7385.78
48	48	7439.5
49	49	7567.67
50	50	7765.49
51	51	7956.18
52	52	8094.87
53	53	8194.07
54	54	8435.99
55	55	8881.41
56	56	9389.92
57	57	9971.69
58	58	10518.15
59	59	11100.96
60	60	11828
61	61	12615.96
62	62	13465.49
63	63	14376.61
64	64	15287.8
65	65	15725.44
66	66	15279.59
67	67	14368.43
68	68	13460.17
69	69	12610.81
70	70	11823.58
71	71	11098.57
====================

