Gaussian Denoiser Window Size: 2
Predicted sites number: 10
Predicted nucleotides number: 12

Site#1:
1
3
Site#2:
21
Site#3:
39
Site#4:
50
Site#5:
58
Site#6:
62
Site#7:
66
Site#8:
72
Site#9:
80
82
Site#10:
85

extremaRank	extremaLoc	extremaNt	extremaNDS_gd
1	3	3	8477.19
2	39	39	8507.25
3	1	1	8542.18
4	85	85	8850.75
5	58	58	9163.49
6	80	80	9353.85
7	66	66	9429.09
8	82	82	9798.87
9	62	62	10548.13
10	72	72	14038.1
11	50	50	15038.55
12	21	21	19095.69

Gaussian Denoised Signal:
1	1	8542.18
2	2	8500.25
3	3	8477.19
4	4	8570.39
5	5	8764.65
6	6	9044.87
7	7	9404.48
8	8	9938.2
9	9	10513.17
10	10	11072.07
11	11	11744.25
12	12	12268.65
13	13	12597.23
14	14	12854.52
15	15	13399.38
16	16	14322.73
17	17	15309.72
18	18	16359.85
19	19	17473.2
20	20	18575.79
21	21	19095.69
22	22	18544.7
23	23	17442.29
24	24	16339.48
25	25	15288.95
26	26	14302.57
27	27	13383.18
28	28	12540.98
29	29	11784.26
30	30	11107.54
31	31	10712.55
32	32	10481.93
33	33	10127.87
34	34	9767.62
35	35	9410.5
36	36	9058.36
37	37	8785.56
38	38	8598.44
39	39	8507.25
40	40	8523.24
41	41	8680.3
42	42	8991.11
43	43	9446.28
44	44	10041.35
45	45	10755.35
46	46	11571.46
47	47	12479.02
48	48	13424.73
49	49	14424.11
50	50	15038.55
51	51	14680.77
52	52	13677.09
53	53	12641.58
54	54	11735.01
55	55	10917.96
56	56	10201.09
57	57	9604.74
58	58	9163.49
59	59	9186.7
60	60	9691
61	61	10243.48
62	62	10548.13
63	63	10443.14
64	64	9991.63
65	65	9435.6
66	66	9429.09
67	67	10035.94
68	68	10798.19
69	69	11589.95
70	70	12498.79
71	71	13457.9
72	72	14038.1
73	73	14020.04
74	74	13416.88
75	75	12463.11
76	76	11575.28
77	77	10797.74
78	78	10039.93
79	79	9426.17
80	80	9353.85
81	81	9678.25
82	82	9798.87
83	83	9641.78
84	84	9269.75
85	85	8850.75
====================

