"nt"	"nds"
1	8542.176065827722
2	8458.319675450677
3	8496.05151057467
4	8644.725330452431
5	8884.580112402315
6	9205.156694595607
7	9603.802001576909
8	10272.588853601652
9	10753.753172620392
10	11390.382027406378
11	12098.119699350347
12	12439.186619976492
13	12755.274131397337
14	12953.772889961268
15	13844.99062040676
16	14800.47188084809
17	15818.97377483718
18	16900.7168942755
19	18045.690334239076
20	19105.883642205314
21	19085.49854118278
22	18003.902590155536
23	16880.686610008313
24	15798.276169255243
25	14779.626934579488
26	13825.513487123666
27	12940.843627595406
28	12141.117010521992
29	11427.412972218915
30	10787.662084237525
31	10637.444792116765
32	10326.410314087745
33	9929.331992217478
34	9605.910700495473
35	9215.079498196743
36	8901.640081119118
37	8669.475018624264
38	8527.412572945696
39	8487.08873620324
40	8559.389460018421
41	8801.213893632277
42	9181.010723180822
43	9711.5485579379
44	10371.158058431243
45	11139.546784340773
46	12003.38215219101
47	12954.649993078634
48	13894.811163927348
49	14953.402154330352
50	15123.68976173514
51	14237.847202459056
52	13116.32670222169
53	12166.835830028343
54	11303.187188571861
55	10532.739751161482
56	9869.446136071023
57	9340.02859700356
58	8986.953616210749
59	9386.44716318233
60	9995.546459519932
61	10491.40555589877
62	10604.862406803317
63	10281.42563033398
64	9701.825779461211
65	9169.373928528106
66	9688.800949610411
67	10383.085832686165
68	11213.287265120938
69	11966.614995166115
70	13030.956694599327
71	13884.850025179729
72	14191.35550704974
73	13848.727040471267
74	12985.036414317517
75	11941.190100685337
76	11209.372190472995
77	10386.106347905737
78	9693.745552488579
79	9158.59773302676
80	9549.10396178986
81	9807.399062579627
82	9790.337719841227
83	9493.22958191861
84	9046.274486195642
85	8655.226580834113
