"nt"	"nds"
1	3147.2848383726778
2	2772.861368465307
3	2472.177433749382
4	2259.0440834403994
5	2314.7210768185105
6	2395.935535180808
7	2484.827684751172
8	2573.74811883692
9	2658.724625178316
10	2737.237845356771
11	2807.4690533248363
12	2867.9989660052433
13	2917.728612599632
14	2955.7829066273257
15	2981.5101493825796
16	2994.467250606642
17	2994.4672506066427
18	2981.5101493825796
19	2955.7829066273257
20	2917.728612599632
21	2867.9989660052433
22	2807.4690533248377
23	2737.237845356771
24	2658.7246251783145
25	2573.7481188369197
26	2484.827684751171
27	2395.935535180808
28	2314.72107681851
29	2259.0440834404003
30	2472.177433749382
31	2772.861368465308
32	3147.2848383726787
