Gaussian Denoiser Window Size: 2
Predicted sites number: 5
Predicted nucleotides number: 5

Site#1:
1
Site#2:
5
Site#3:
17
Site#4:
29
Site#5:
32

extremaRank	extremaLoc	extremaNt	extremaNDS_gd
1.5	5	5	2286.88
1.5	29	29	2286.88
3	32	32	2960.07
4	17	17	2994.47
5	1	1	3147.28

Gaussian Denoised Signal:
1	1	3147.28
2	2	2960.07
3	3	2622.52
4	4	2365.61
5	5	2286.88
6	6	2355.33
7	7	2440.38
8	8	2529.29
9	9	2616.24
10	10	2697.98
11	11	2772.35
12	12	2837.73
13	13	2892.86
14	14	2936.76
15	15	2968.65
16	16	2987.99
17	17	2994.47
18	18	2987.99
19	19	2968.65
20	20	2936.76
21	21	2892.86
22	22	2837.73
23	23	2772.35
24	24	2697.98
25	25	2616.24
26	26	2529.29
27	27	2440.38
28	28	2355.33
29	29	2286.88
30	30	2365.61
31	31	2622.52
32	32	2960.07
====================

