"nt"	"nds"
1	4085.4715964575266
2	3634.256551541894
3	3247.039061470771
4	2928.836553030329
5	2686.4581830361726
6	2532.375960528557
7	2614.1054192595834
8	2740.387339506835
9	2884.917914614306
10	3033.637336570287
11	3178.27747695014
12	3313.4148725019254
13	3435.1892800394526
14	3540.666525061045
15	3627.608045079185
16	3694.2867055023075
17	3739.4293187635094
18	3762.1912979103463
19	3762.191297910346
20	3739.429318763509
21	3694.286705502307
22	3627.6080450791846
23	3540.6665250610454
24	3435.1892800394526
25	3313.4148725019254
26	3178.2774769501407
27	3033.637336570286
28	2884.9179146143047
29	2740.3873395068345
30	2614.1054192595834
31	2532.375960528557
32	2686.4581830361726
33	2928.8365530303304
34	3247.039061470772
35	3634.256551541894
36	4085.471596457527
