"nt"	"nds"
1	3619.2521645107904
2	3217.0320360880014
3	2883.830661527351
4	2626.4512333939033
5	2457.3787758112967
6	2534.1668566194794
7	2650.3369651167272
8	2781.561621358485
9	2915.5199328253484
10	3045.1040335872794
11	3165.728754403532
12	3274.1202795792583
13	3367.8053223514585
14	3444.822109224849
15	3503.6925707357127
16	3543.352905031289
17	3563.0575897005274
18	3562.493461518739
19	3541.6570850291823
20	3500.91656509334
21	3441.0127684921194
22	3363.0686392314324
23	3268.5718465910945
24	3159.5218668789807
25	3038.4311506213185
26	2908.693232663904
27	2774.9859818324003
28	2644.598478011951
29	2530.104312216065
30	2455.887915377866
31	2624.6120310659408
32	2881.402304915211
33	3213.4978210647846
34	3613.0502641434778
35	4070.479419841001
