Gaussian Denoiser Window Size: 2
Predicted sites number: 5
Predicted nucleotides number: 5

Site#1:
1
Site#2:
7
Site#3:
19
Site#4:
31
Site#5:
36

extremaRank	extremaLoc	extremaNt	extremaNDS_gd
1.5	7	7	2573.24
1.5	31	31	2573.24
3	19	19	3762.19
4	36	36	3859.86
5	1	1	4085.47

Gaussian Denoised Signal:
1	1	4085.47
2	2	3859.86
3	3	3440.65
4	4	3087.94
5	5	2807.65
6	6	2609.42
7	7	2573.24
8	8	2677.25
9	9	2812.65
10	10	2959.28
11	11	3105.96
12	12	3245.85
13	13	3374.3
14	14	3487.93
15	15	3584.14
16	16	3660.95
17	17	3716.86
18	18	3750.81
19	19	3762.19
20	20	3750.81
21	21	3716.86
22	22	3660.95
23	23	3584.14
24	24	3487.93
25	25	3374.3
26	26	3245.85
27	27	3105.96
28	28	2959.28
29	29	2812.65
30	30	2677.25
31	31	2573.24
32	32	2609.42
33	33	2807.65
34	34	3087.94
35	35	3440.65
36	36	3859.86
====================

