Gaussian Denoiser Window Size: 2
Predicted sites number: 5
Predicted nucleotides number: 5

Site#1:
1
Site#2:
6
Site#3:
18
Site#4:
30
Site#5:
35

extremaRank	extremaLoc	extremaNt	extremaNDS_gd
1	30	30	2493
2	6	6	2495.77
3	18	18	3562.78
4	1	1	3619.25
5	35	35	3841.76

Gaussian Denoised Signal:
1	1	3619.25
2	2	3418.14
3	3	3050.43
4	4	2755.14
5	5	2541.92
6	6	2495.77
7	7	2592.25
8	8	2715.95
9	9	2848.54
10	10	2980.31
11	11	3105.42
12	12	3219.92
13	13	3320.96
14	14	3406.31
15	15	3474.26
16	16	3523.52
17	17	3553.21
18	18	3562.78
19	19	3552.08
20	20	3521.29
21	21	3470.96
22	22	3402.04
23	23	3315.82
24	24	3214.05
25	25	3098.98
26	26	2973.56
27	27	2841.84
28	28	2709.79
29	29	2587.35
30	30	2493
31	31	2540.25
32	32	2753.01
33	33	3047.45
34	34	3413.27
35	35	3841.76
====================

