Gaussian Denoiser Window Size: 2
Predicted sites number: 11
Predicted nucleotides number: 13

Site#1:
1
Site#2:
15
Site#3:
21
Site#4:
28
Site#5:
37
38
Site#6:
42
44
Site#7:
51
Site#8:
67
Site#9:
77
Site#10:
86
Site#11:
99

extremaRank	extremaLoc	extremaNt	extremaNDS_gd
1	28	28	10874.69
2	67	67	10901.36
3	15	15	11217.76
4	86	86	11257.55
5	38	38	14567.5
6	37	37	14603.2
7	21	21	14844.37
8	44	44	16356.75
9	42	42	17299.81
10	77	77	18094.77
11	99	99	20510.12
12	1	1	21270.92
13	51	51	22889.17

Gaussian Denoised Signal:
1	1	21270.92
2	2	20526.79
3	3	19135.46
4	4	17877.7
5	5	16695.92
6	6	15597.84
7	7	14949.4
8	8	14577.26
9	9	13975.67
10	10	13236.19
11	11	12510.05
12	12	11974.73
13	13	11527.13
14	14	11260.67
15	15	11217.76
16	16	11419.02
17	17	11961.87
18	18	12669.17
19	19	13553.39
20	20	14473.26
21	21	14844.37
22	22	14306.23
23	23	13393.02
24	24	12569.74
25	25	11863.02
26	26	11318.86
27	27	11015.97
28	28	10874.69
29	29	10896.77
30	30	11128.99
31	31	11461.12
32	32	11882.45
33	33	12386.9
34	34	12971.87
35	35	13639.48
36	36	14400.31
37	37	14603.2
38	38	14567.5
39	39	15179.5
40	40	16120.14
41	41	16942.34
42	42	17299.81
43	43	17066.28
44	44	16356.75
45	45	16408.15
46	46	17451.1
47	47	18585.03
48	48	19796.5
49	49	21110.01
50	50	22380.53
51	51	22889.17
52	52	22160.94
53	53	20893.29
54	54	19656.04
55	55	18442.88
56	56	17307.76
57	57	16257.72
58	58	15298.22
59	59	14436.22
60	60	13671.22
61	61	12994.73
62	62	12402.54
63	63	11893.25
64	64	11469.06
65	65	11135.74
66	66	10903.76
67	67	10901.36
68	68	11067.62
69	69	11375.99
70	70	11908.45
71	71	12580.76
72	72	13375.63
73	73	14280.91
74	74	15288.07
75	75	16358.67
76	76	17472.3
77	77	18094.77
78	78	17625.45
79	79	16507.9
80	80	15382.78
81	81	14375.35
82	82	13469.35
83	83	12673.41
84	84	11999.59
85	85	11465.46
86	86	11257.55
87	87	11289.66
88	88	11300.35
89	89	11550.67
90	90	12068.69
91	91	12760.89
92	92	13624.12
93	93	14397.1
94	94	14896.41
95	95	15587.5
96	96	16684.14
97	97	17865.35
98	98	19123.13
99	99	20510.12
====================

