"nt"	"nds"
1	21270.922524498823
2	19782.663003377926
3	18488.255311881647
4	17267.15237998587
5	16124.6798686557
6	15071.007929768883
7	14827.791447330843
8	14326.734911006064
9	13624.612988516375
10	12847.770345160325
11	12172.320774350104
12	11777.145446853083
13	11277.11466678315
14	11244.235164351874
15	11191.280223220578
16	11646.752150035481
17	12276.992613312234
18	13061.351356693416
19	14045.434246554136
20	14901.076734423958
21	14787.66726453116
22	13824.782968658707
23	12961.251832966169
24	12178.225338789562
25	11547.82457573244
26	11089.896579232678
27	10942.049450888822
28	10807.332711498046
29	10986.208867404748
30	11271.770642913361
31	11650.470439449778
32	12114.424647651509
33	12659.368690975787
34	13284.375713003896
35	13994.583990075396
36	14806.042509165576
37	14400.359637743291
38	14734.64450201232
39	15624.356564869713
40	16615.919027035576
41	17268.7510547976
42	17330.872015127858
43	16801.69401236391
44	15911.805051632433
45	16904.50267906687
46	17997.698444900503
47	19172.359780094826
48	20420.645151806784
49	21799.36662275678
50	22961.6846178922
51	22816.6479774272
52	21505.24032031007
53	20281.337638905716
54	19030.732559697866
55	17855.033889312366
56	16760.482236190113
57	15754.95476988307
58	14841.492079315482
59	14030.941062703843
60	13311.501808129238
61	12677.96288873074
62	12127.110493202677
63	11659.396387691626
64	11278.723138845711
65	10992.761014733778
66	10814.753067346177
67	10987.967663697611
68	11147.272975454227
69	11604.707595016645
70	12212.198148291101
71	12949.33001704645
72	13801.926290110754
73	14759.903687575686
74	15816.24275137289
75	16901.094259678128
76	18043.498317678856
77	18146.037711139208
78	17104.86047404396
79	15910.930324645235
80	14854.620841165979
81	13896.08546450527
82	13042.607394725816
83	12304.205458487033
84	11694.972152681328
85	11235.956673091412
86	11279.15297238596
87	11300.17645992269
88	11300.519379200967
89	11800.829160327283
90	12336.542843382316
91	13185.246629192661
92	14063.000057212355
93	14731.192207327867
94	15061.619298675621
95	16113.374309542663
96	17254.899139593163
97	18475.809138979097
98	19770.452030257686
99	21249.779841353356
