Gaussian Denoiser Window Size: 2
Predicted sites number: 9
Predicted nucleotides number: 9

Site#1:
1
Site#2:
15
Site#3:
21
Site#4:
28
Site#5:
45
Site#6:
61
Site#7:
71
Site#8:
80
Site#9:
94

extremaRank	extremaLoc	extremaNt	extremaNDS_gd
1	61	61	10161.82
2	28	28	10162.68
3	80	80	10363.79
4	15	15	10367.01
5	21	21	13864.44
6	71	71	16826.54
7	94	94	17050.79
8	1	1	20047.88
9	45	45	22462.18

Gaussian Denoised Signal:
1	1	20047.88
2	2	20018.24
3	3	19388.69
4	4	18186.7
5	5	16993.21
6	6	16056.72
7	7	15181.34
8	8	14245.06
9	9	13390.78
10	10	12677.05
11	11	11959.43
12	12	11159.59
13	13	10596.05
14	14	10380.27
15	15	10367.01
16	16	10574.45
17	17	11097.92
18	18	11775.17
19	19	12609.94
20	20	13485.16
21	21	13864.44
22	22	13380.29
23	23	12509.68
24	24	11713.7
25	25	11038.01
26	26	10515.61
27	27	10251.76
28	28	10162.68
29	29	10242.9
30	30	10550.55
31	31	10962.12
32	32	11465.06
33	33	12051.21
34	34	12715.01
35	35	13452.56
36	36	14261.16
37	37	14963.6
38	38	15440.32
39	39	16138.37
40	40	17175.39
41	41	18278.03
42	42	19445.78
43	43	20678.64
44	44	21895.4
45	45	22462.18
46	46	21842.66
47	47	20626
48	48	19410.73
49	49	18241.64
50	50	17138.13
51	51	16101.94
52	52	15138.49
53	53	14252.17
54	54	13440.94
55	55	12702.57
56	56	12038.76
57	57	11453.22
58	58	10951.52
59	59	10541.85
60	60	10236.71
61	61	10161.82
62	62	10253.26
63	63	10503.95
64	64	10994.77
65	65	11621.52
66	66	12367.22
67	67	13220.09
68	68	14171.89
69	69	15192.33
70	70	16249.96
71	71	16826.54
72	72	16367.87
73	73	15306.8
74	74	14243.7
75	75	13290.56
76	76	12435.48
77	77	11686.59
78	78	11055.54
79	79	10559.6
80	80	10363.79
81	81	10383.33
82	82	10383.44
83	83	10592.69
84	84	10955.76
85	85	11337.7
86	86	11824.93
87	87	12305.87
88	88	12689.39
89	89	12922.06
90	90	13446.13
91	91	14343.42
92	92	15319.93
93	93	16153.56
94	94	17050.79
====================

