"nt"	"nds"
1	20047.87961631073
2	19988.60939689853
3	18788.7789054745
4	17584.630326059818
5	16401.793444869978
6	15711.637416847463
7	14651.040054932044
8	13839.08338288566
9	12942.467641485442
10	12411.64198424384
11	11507.222781860763
12	10811.96147229568
13	10380.14816981924
14	10380.39309219613
15	10353.61921881546
16	10795.277365359774
17	11400.5723697047
18	12149.770078060457
19	13070.113220255764
20	13900.202312256284
21	13828.675899559452
22	12931.906584277356
23	12087.445738267981
24	11339.95360140483
25	10736.069519043886
26	10295.14439443622
27	10208.380347776667
28	10116.973087822746
29	10368.819334832957
30	10732.278290908082
31	11191.971391756566
32	11738.148095267677
33	12364.275069651341
34	13065.749132843464
35	13839.365340081913
36	14682.958404708525
37	15244.247155620431
38	15636.39939237284
39	16640.336631271544
40	17710.438309130877
41	18845.625152711233
42	20045.93003841728
43	21311.352131437365
44	22479.44541300068
45	22444.917366911628
46	21240.39389549061
47	20011.608241318023
48	18809.856486970293
49	17673.41786794482
50	16602.844894794685
51	15601.03547415962
52	14675.936009347783
53	13828.412657881936
54	13053.472581913244
55	12351.665775447933
56	11725.861978579836
57	11180.58626251231
58	10722.448867241721
59	10361.25293391739
60	10112.158138184284
61	10211.473593324496
62	10295.047247138604
63	10712.84705134436
64	11276.695541913907
65	11966.346135097307
66	12768.101163122814
67	13672.087709633368
68	14671.697732747021
69	15712.968757480445
70	16786.957338415406
71	16866.12507366668
72	15869.60912796666
73	14743.982265742192
74	13743.416662476806
75	12837.69549593751
76	12033.271054952053
77	11339.907814217982
78	10771.172473547567
79	10348.025088364395
80	10379.545894271667
81	10387.108937313349
82	10379.774973173582
83	10805.614133653004
84	11105.89609593635
85	11569.508772649839
86	12080.355539566472
87	12531.3824460448
88	12847.391628578882
89	12996.736326472193
90	13895.520093755327
91	14791.326200635298
92	15848.537888447683
93	16458.58465491118
94	17643.004364136028
