Gaussian Denoiser Window Size: 2
Predicted sites number: 8
Predicted nucleotides number: 9

Site#1:
1
Site#2:
15
Site#3:
21
Site#4:
33
Site#5:
51
Site#6:
71
Site#7:
80
81
Site#8:
92

extremaRank	extremaLoc	extremaNt	extremaNDS_gd
1	33	33	11528.05
2	71	71	11532.68
3	81	81	12599.38
4	80	80	12601.8
5	15	15	12636.66
6	21	21	16638.91
7	92	92	21475.01
8	1	1	22225.02
9	51	51	24350.67

Gaussian Denoised Signal:
1	1	22225.02
2	2	21521.08
3	3	20208.28
4	4	19024.56
5	5	17910.81
6	6	16873.28
7	7	16265.52
8	8	15920.13
9	9	15346.3
10	10	14629.6
11	11	13913.37
12	12	13368.65
13	13	12889.94
14	14	12646.26
15	15	12636.66
16	16	12895.29
17	17	13555.96
18	18	14347.31
19	19	15269.08
20	20	16216.6
21	21	16638.91
22	22	16127.4
23	23	15180.71
24	24	14286.81
25	25	13487.63
26	26	12814.1
27	27	12466.09
28	28	12360.96
29	29	12220.75
30	30	12046.67
31	31	11853.9
32	32	11668.95
33	33	11528.05
34	34	11565.17
35	35	11796.96
36	36	12118.81
37	37	12519.52
38	38	12994.45
39	39	13543.53
40	40	14203.67
41	41	15016.95
42	42	15717.48
43	43	16399.15
44	44	17192.44
45	45	18055.69
46	46	19083.91
47	47	20177.1
48	48	21333.98
49	49	22534.22
50	50	23736.26
51	51	24350.67
52	52	23792.01
53	53	22589.83
54	54	21371.01
55	55	20215.71
56	56	19124.06
57	57	18097.1
58	58	17256.68
59	59	16462.87
60	60	15910.49
61	61	15599.28
62	62	15105.12
63	63	14529.47
64	64	14036.32
65	65	13542.76
66	66	12997.21
67	67	12524.4
68	68	12124.92
69	69	11803.61
70	70	11571.77
71	71	11532.68
72	72	11666.58
73	73	11842.5
74	74	12031.79
75	75	12211.6
76	76	12365.07
77	77	12481.52
78	78	12556.72
79	79	12593.37
80	80	12601.8
81	81	12599.38
82	82	12874.13
83	83	13404.12
84	84	14073.23
85	85	14918.55
86	86	15678.35
87	87	16176.83
88	88	16843.5
89	89	17879.7
90	90	18992.56
91	91	20175.77
92	92	21475.01
====================

