"nt"	"nds"
1	22225.016367834694
2	20817.144676073407
3	19599.425169293423
4	18449.689597520774
5	17371.939241591503
6	16374.61637810189
7	16156.418739750388
8	15683.837211857915
9	15008.752992334534
10	14250.443549663152
11	13576.301934231433
12	13160.98916611653
13	12618.894862725989
14	12673.628718421705
15	12599.6930171321
16	13190.881235342265
17	13921.033315249906
18	14773.578453610697
19	15764.591334989327
20	16668.603196290067
21	16609.22532988642
22	15645.579981826706
23	14715.843734169439
24	13857.776930848166
25	13117.483377354336
26	12510.72154774842
27	12421.466946377517
28	12300.46156914134
29	12141.043901837982
30	11952.28809751116
31	11755.51588490848
32	11582.374389593477
33	11473.724256466636
34	11656.606619115693
35	11937.30992806116
36	12300.31608958989
37	12738.722766459232
38	13250.175701945307
39	13836.882707634079
40	14570.459869898861
41	15463.434673482165
42	15971.521988726741
43	16826.787863833186
44	17558.093067294394
45	18553.29212809467
46	19614.533797311862
47	20739.659562715016
48	21928.300344909014
49	23140.139067191605
50	24332.39068750569
51	24368.93938111216
52	23215.07519681804
53	21964.58383354834
54	20777.442032021572
55	19653.98100022306
56	18594.13441079176
57	17600.06265579174
58	16913.306273466686
59	16012.43343953722
60	15808.552716245984
61	15390.014492033735
62	14820.220451032024
63	14238.716038885392
64	13833.91459855851
65	13251.600949520363
66	12742.8141367613
67	12305.992119052175
68	11943.857445257123
69	11663.368629725335
70	11480.165377657435
71	11585.199335487529
72	11747.96696381807
73	11937.028730042677
74	12126.548571072013
75	12296.646165559467
76	12433.486176759834
77	12529.555392617103
78	12583.891551856748
79	12602.851114087836
80	12600.742434773334
81	12598.01684493685
82	13150.242897711403
83	13658.001558436325
84	14488.449260311658
85	15348.643046288686
86	16008.062366413049
87	16345.607195849301
88	17341.385807173196
89	18418.02218891938
90	19567.099278902675
91	20784.447833669594
92	22165.573907673912
