Gaussian Denoiser Window Size: 2
Predicted sites number: 7
Predicted nucleotides number: 7

Site#1:
10
Site#2:
31
Site#3:
55
Site#4:
65
Site#5:
72
Site#6:
87
Site#7:
103

extremaRank	extremaLoc	extremaNt	extremaNDS_gd
1	55	55	13744.26
2	10	10	13766.43
3	72	72	14478.75
4	103	103	14579.22
5	65	65	20331.56
6	87	87	25523.85
7	31	31	31369.7

Gaussian Denoised Signal:
1	1	19025.47
2	2	18439.38
3	3	17322.4
4	4	16322.5
5	5	15455.25
6	6	14743.82
7	7	14318.57
8	8	14066.64
9	9	13816.94
10	10	13766.43
11	11	13934.37
12	12	14196.25
13	13	14546.48
14	14	15003.28
15	15	15600.77
16	16	16190.25
17	17	16545.99
18	18	17013
19	19	17777.41
20	20	18616.16
21	21	19528.06
22	22	20531.29
23	23	21728.78
24	24	22794.68
25	25	23803.84
26	26	25063.18
27	27	26390.85
28	28	27783.79
29	29	29212.11
30	30	30637.58
31	31	31369.7
32	32	30705.42
33	33	29279.39
34	34	27827.94
35	35	26436.04
36	36	25108.73
37	37	23848.49
38	38	23062.55
39	39	22559.59
40	40	21804.72
41	41	20963.69
42	42	20267.78
43	43	19515.43
44	44	18606.55
45	45	17768.9
46	46	17004.09
47	47	16560.34
48	48	16304.23
49	49	15872.88
50	50	15348.54
51	51	14898.24
52	52	14520.47
53	53	14171.21
54	54	13910.44
55	55	13744.26
56	56	13831.88
57	57	14138.91
58	58	14573.06
59	59	15200.54
60	60	15979.78
61	61	16891.58
62	62	17922.6
63	63	19086.02
64	64	20179.51
65	65	20331.56
66	66	19321.85
67	67	18089.55
68	68	17056.87
69	69	16142.35
70	70	15358.56
71	71	14724.36
72	72	14478.75
73	73	14535.94
74	74	14581.33
75	75	14614.67
76	76	14957.16
77	77	15689.11
78	78	16555.53
79	79	17524.72
80	80	18465.19
81	81	19492.63
82	82	20719.41
83	83	21751.32
84	84	22448.74
85	85	23459.13
86	86	24846.87
87	87	25523.85
88	88	24849.4
89	89	23464.53
90	90	22076.46
91	91	20763.3
92	92	19535.06
93	93	18529.37
94	94	17588.69
95	95	16596.46
96	96	15726.61
97	97	14987.77
98	98	14654.63
99	99	14652.34
100	100	14644.9
101	101	14630.4
102	102	14608.23
103	103	14579.22
104	104	14883.11
105	105	15605.96
106	106	16480.68
107	107	17485.06
108	108	18604.79
====================

