"nt"	"nds"
1	18760.398503803175
2	17655.345218919632
3	16668.29465271674
4	15812.44209510602
5	15103.571640876748
6	14563.754284756076
7	14404.138535811588
8	14210.950675691285
9	14056.502772396374
10	14175.162403243829
11	14394.529013568144
12	14703.783546417653
13	15100.729635333913
14	15618.384866572957
15	16295.252054175098
16	16803.382785435562
17	17016.517644267602
18	17745.040736919582
19	18549.875288364834
20	19426.762417412636
21	20377.616723563442
22	21433.169167030737
23	22772.59386481137
24	23571.41631538516
25	24796.45211110929
26	26092.314839001097
27	27454.02103938696
28	28880.171599712226
29	30310.555967358756
30	31732.595275116648
31	31780.57950712331
32	30408.136735782507
33	28926.781027782665
34	27501.946592861143
35	26141.154406558893
36	24845.340099875397
37	23618.526441268852
38	23273.842168745403
39	22614.51504492628
40	21763.355770744045
41	20929.17735409121
42	20366.409340180948
43	19419.80034777478
44	18544.949139374316
45	17740.474882413073
46	17011.025734362174
47	16852.523350057163
48	16500.2685834736
49	15987.2709402275
50	15445.526077916611
51	15078.334273084012
52	14682.541109479987
53	14374.251327553602
54	14156.443369261311
55	14040.506432423721
56	14249.397797863041
57	14477.408211785305
58	14956.962913863423
59	15599.605920224507
60	16385.802730599054
61	17301.369780270372
62	18335.30039538239
63	19542.052222756294
64	20414.436784013607
65	19752.38673407788
66	18452.002562774396
67	17418.67297241362
68	16504.23906064662
69	15719.79721131258
70	15079.96871585104
71	14605.447543988223
72	14678.247310317383
73	14710.824445326441
74	15227.150443780463
75	15885.435419544974
76	16666.124608155795
77	17549.699774363013
78	18526.37820726212
79	19730.755341047254
80	20770.555266356467
81	21992.130801648316
82	23288.58509772336
83	24094.862475377166
84	24708.312620377816
85	26137.076841838665
86	27517.97630508072
87	27537.637547857164
88	26179.563224260415
89	24733.662356836136
90	23353.764031446055
91	22054.876849546472
92	20832.088477023633
93	20281.76856128467
94	19361.807812659263
95	18560.146583510883
96	17587.027445817504
97	16704.2185481055
98	15919.899401198789
99	15644.09530044458
100	15242.6800430151
101	14728.060701017137
102	14725.227945252898
103	14682.217919739138
104	15214.308663449096
105	15919.752828473356
106	16774.425955288338
107	17761.473202379315
108	18867.12148613329
