Gaussian Denoiser Window Size: 2
Predicted sites number: 7
Predicted nucleotides number: 7

Site#1:
10
Site#2:
31
Site#3:
55
Site#4:
65
Site#5:
72
Site#6:
87
Site#7:
103

extremaRank	extremaLoc	extremaNt	extremaNDS_gd
1	55	55	14098.47
2	10	10	14115.83
3	72	72	14641.85
4	103	103	14703.72
5	65	65	20083.41
6	87	87	27527.81
7	31	31	31756.59

Gaussian Denoised Signal:
1	1	18760.4
2	2	18207.87
3	3	17161.82
4	4	16240.37
5	5	15458.01
6	6	14833.66
7	7	14483.95
8	8	14307.54
9	9	14133.73
10	10	14115.83
11	11	14284.85
12	12	14549.16
13	13	14902.26
14	14	15359.56
15	15	15956.82
16	16	16549.32
17	17	16909.95
18	18	17380.78
19	19	18147.46
20	20	18988.32
21	21	19902.19
22	22	20905.39
23	23	22102.88
24	24	23172.01
25	25	24183.93
26	26	25444.38
27	27	26773.17
28	28	28167.1
29	29	29595.36
30	30	31021.58
31	31	31756.59
32	32	31094.36
33	33	29667.46
34	34	28214.36
35	35	26821.55
36	36	25493.25
37	37	24231.93
38	38	23446.18
39	39	22944.18
40	40	22188.94
41	41	21346.27
42	42	20647.79
43	43	19893.1
44	44	18982.37
45	45	18142.71
46	46	17375.75
47	47	16931.77
48	48	16676.4
49	49	16243.77
50	50	15716.4
51	51	15261.93
52	52	14880.44
53	53	14528.4
54	54	14265.35
55	55	14098.47
56	56	14144.95
57	57	14363.4
58	58	14717.19
59	59	15278.28
60	60	15992.7
61	61	16843.59
62	62	17818.34
63	63	18938.68
64	64	19978.24
65	65	20083.41
66	66	19102.19
67	67	17935.34
68	68	16961.46
69	69	16112.02
70	70	15399.88
71	71	14842.71
72	72	14641.85
73	73	14694.54
74	74	14968.99
75	75	15556.29
76	76	16275.78
77	77	17107.91
78	78	18038.04
79	79	19128.57
80	80	20250.66
81	81	21381.34
82	82	22640.36
83	83	23691.72
84	84	24401.59
85	85	25422.69
86	86	26827.53
87	87	27527.81
88	88	26858.6
89	89	25456.61
90	90	24043.71
91	91	22704.32
92	92	21443.48
93	93	20556.93
94	94	19821.79
95	95	18960.98
96	96	18073.59
97	97	17145.62
98	98	16312.06
99	99	15782
100	100	15443.39
101	101	14985.37
102	102	14726.64
103	103	14703.72
104	104	14948.26
105	105	15567.03
106	106	16347.09
107	107	17267.95
108	108	18314.3
====================

