"nt"	"nds"
1	17252.830913529968
2	16187.944211549033
3	15230.50040150622
4	14390.839906372428
5	13683.221658619725
6	13128.780983095356
7	12925.85071410228
8	12665.764859021323
9	12463.097504006346
10	12558.777762593856
11	12750.088039158698
12	13028.044434322223
13	13391.241112764796
14	13863.000942630924
15	14491.424542396755
16	14970.022443181739
17	15179.898693739857
18	15868.417119210679
19	16632.54968850571
20	17468.219636602436
21	18377.264713860226
22	19377.016714678895
23	20663.13798825504
24	21445.059965938854
25	22626.599280790644
26	23879.02815952811
27	25198.053128960622
28	26521.39325034311
29	27850.127783699034
30	27911.460109319607
31	26646.321421667995
32	25257.65194558546
33	23940.07655283071
34	22688.219267212797
35	21505.659193424053
36	21183.236601390392
37	20554.412529488312
38	19736.890426752878
39	18930.31233245199
40	18380.033808391996
41	17475.866759335808
42	16643.009567360637
43	15879.981190713677
44	15191.284628481435
45	15059.889862547536
46	14742.333051352547
47	14264.37858657458
48	13747.995483854642
49	13387.470404092945
50	13025.335329555992
51	12747.75204390405
52	12556.472097888709
53	12460.750892681192
54	12733.44584952296
55	13026.904674656394
56	13559.909579353929
57	14261.085350035835
58	15106.574635398356
59	16118.996221216585
60	16919.09710264051
61	16394.569936882406
62	15257.258185327244
63	14409.25366396798
64	13703.652169292485
65	13164.63296543104
66	13210.285650773785
67	13247.836800302244
68	13276.545373595467
69	13299.165910988402
70	13892.14257756815
71	14622.051250575747
72	15464.234259432997
73	16407.62315476976
74	17186.995339361325
75	18280.033516595344
76	19452.05603111321
77	20199.18371252183
78	20749.360642102856
79	22091.445951382902
80	23338.860838903845
81	23315.36828073026
82	22043.521699866895
83	20730.224625172566
84	19469.398854610787
85	18293.43814186541
86	17199.504076638965
87	16433.527251652493
88	15478.66462761226
89	14639.53799499792
90	13914.86721014701
91	13329.676650258678
92	13329.168214022846
93	13304.331032918912
94	13252.883098239925
95	13805.776298608627
96	14513.02232463152
97	15352.113428695791
98	16308.542266419296
99	17370.57871413601
100	18682.951650713567
101	19343.340580881304
