"nt"	"nds"
1	20887.654766091466
2	21405.387809180615
3	20789.378232301897
4	19441.51001760925
5	18342.535205495074
6	17145.8502120826
7	16028.376647736453
8	14995.797729392969
9	14155.771818780939
10	13175.750133998277
11	12429.598306256066
12	11792.744058132968
13	11274.371628032584
14	10889.5123702383
15	10906.705298516554
16	10886.422584776226
17	11277.794352171046
18	11802.86268934685
19	12442.64515492694
20	13188.815775647883
21	14036.718781563548
22	15177.375183910588
23	15905.566840476402
24	16997.38129817481
25	18171.396028296957
26	19421.37734672048
27	20670.929846922838
28	21962.657038236095
29	22061.98707526209
30	20873.01446658995
31	19517.793217186496
32	18270.077735976065
33	17097.28096198775
34	16004.596332867724
35	15753.130809484343
36	15216.11665384685
37	14490.238730358613
38	13754.145463692033
39	13233.989302998962
40	12489.459216900243
41	11846.920621580712
42	11313.677735826115
43	10908.835974806292
44	10941.991306133408
45	10981.104222665623
46	11016.211477507524
47	11042.379994290375
48	11060.534812564523
49	11611.639566168613
50	12328.797296269404
51	13187.580944013951
52	13948.910102080989
53	15066.352690538415
54	16006.721885001705
55	16375.165203152192
56	16027.323796029305
57	15097.02482257097
58	13975.17765619169
59	13197.652104691777
60	12339.47010553538
61	11623.88372498099
62	11075.776400912866
63	11072.976327290831
64	11061.14225142905
65	11040.385468490807
66	11018.041502191181
67	11484.319700348085
68	12089.294875116986
69	12813.783912058801
70	13831.658701856275
71	14607.860664879505
72	15632.898592213742
73	16744.413403886796
74	17468.114044412985
75	17984.909245764604
76	19303.7770483248
77	20484.852889557566
78	20416.265121281544
79	19166.45090542476
80	17924.329681623778
81	16718.445566101087
82	15602.381126844532
83	14574.724748284847
84	14089.68333814351
85	13351.394960636737
86	12758.407449050137
87	12041.962210078156
88	11447.199004325064
89	10994.473461624004
90	10972.669528333437
91	10908.31289593414
92	11293.342624950761
93	11811.90591276157
94	12448.307406327262
95	13192.570581009335
96	13838.24099054467
97	14588.9981420009
98	15041.169168352182
99	16076.913675119493
100	17197.024416330332
101	18397.172650648827
