"nt"	"nds"
1	19025.47078517463
2	17853.298347443048
3	16791.508881726902
4	15853.483304296524
5	15057.017842477588
6	14430.62210396341
7	14206.519412199736
8	13926.759535157817
9	13707.12193562442
10	13825.73715533912
11	14043.010509320466
12	14349.491023357194
13	14743.45979956391
14	15263.102335442587
15	15938.428084561576
16	16442.078349056665
17	16649.910818762357
18	17376.080771426532
19	18178.73141433892
20	19053.5971112571
21	20002.51699938429
22	21060.072095239677
23	22397.48832160679
24	23191.877590369444
25	24415.799636938387
26	25710.557744442463
27	27071.148380860865
28	28496.439430249276
29	29927.774182526264
30	31347.388891882318
31	31392.01749127702
32	30018.817287113914
33	28539.9541000969
34	27115.916676182023
35	25756.170724177224
36	24461.28442397006
37	23235.69754249837
38	22889.39598417976
39	22229.785935033473
40	21379.65813005491
41	20547.71410463772
42	19987.845770805416
43	19043.01256727114
44	18170.08880670961
45	17367.703695882406
46	16640.47003354336
47	16480.21870044119
48	16128.238049224801
49	15617.516568895762
50	15079.560824055721
51	14716.924528952617
52	14324.0214684028
53	14018.399873598712
54	13802.472410833514
55	13686.039220971377
56	13977.713749219294
57	14300.096854776471
58	14846.014277720862
59	15555.070157947137
60	16404.498264327274
61	17378.66080457421
62	18466.530586224915
63	19705.5062307337
64	20653.52336646355
65	20009.58933215002
66	18634.106826650255
67	17545.002114922518
68	16568.741660494074
69	15715.961261566086
70	15001.15595401402
71	14447.55973886596
72	14509.933023394731
73	14561.95412239743
74	14600.69828833584
75	14628.63637478611
76	15285.693312456839
77	16092.5204770666
78	17018.53853451507
79	18030.904416059187
80	18899.467208972972
81	20085.802664322327
82	21353.017506454777
83	22149.621077214615
84	22747.86708362378
85	24170.397052959943
86	25523.346119177553
87	25524.35706659219
88	24174.433130903864
89	22754.633356821727
90	21398.278390046522
91	20128.322697116662
92	18941.80287792014
93	18116.933217325288
94	17060.449778377897
95	16132.478228123313
96	15320.735110493155
97	14654.814509642354
98	14654.444172178975
99	14650.228401595887
100	14639.57768234337
101	14621.219038526984
102	14595.236525848914
103	14563.201473318944
104	15203.010912372229
105	16008.903769471142
106	16952.459019103142
107	18017.664284494815
108	19191.923929841814
