Gaussian Denoiser Window Size: 2
Predicted sites number: 7
Predicted nucleotides number: 7

Site#1:
10
Site#2:
30
Site#3:
53
Site#4:
61
Site#5:
66
Site#6:
81
Site#7:
94

extremaRank	extremaLoc	extremaNt	extremaNDS_gd
1	53	53	12508.61
2	10	10	12510.94
3	66	66	13187.46
4	94	94	13278.61
5	61	61	16656.83
6	81	81	23327.11
7	30	30	27880.79

Gaussian Denoised Signal:
1	1	17252.83
2	2	16720.39
3	3	15709.22
4	4	14810.67
5	5	14037.03
6	6	13406
7	7	13027.32
8	8	12795.81
9	9	12564.43
10	10	12510.94
11	11	12654.43
12	12	12889.07
13	13	13209.64
14	14	13627.12
15	15	14177.21
16	16	14730.72
17	17	15074.96
18	18	15524.16
19	19	16250.48
20	20	17050.38
21	21	17922.74
22	22	18877.14
23	23	20020.08
24	24	21054.1
25	25	22035.83
26	26	23252.81
27	27	24538.54
28	28	25859.72
29	29	27185.76
30	30	27880.79
31	31	27278.89
32	32	25951.99
33	33	24598.86
34	34	23314.15
35	35	22096.94
36	36	21344.45
37	37	20868.82
38	38	20145.65
39	39	19333.6
40	40	18655.17
41	41	17927.95
42	42	17059.44
43	43	16261.5
44	44	15535.63
45	45	15125.59
46	46	14901.11
47	47	14503.36
48	48	14006.19
49	49	13567.73
50	50	13206.4
51	51	12886.54
52	52	12652.11
53	53	12508.61
54	54	12597.1
55	55	12880.18
56	56	13293.41
57	57	13910.5
58	58	14683.83
59	59	15612.79
60	60	16519.05
61	61	16656.83
62	62	15825.91
63	63	14833.26
64	64	14056.45
65	65	13434.14
66	66	13187.46
67	67	13229.06
68	68	13262.19
69	69	13287.86
70	70	13595.65
71	71	14257.1
72	72	15043.14
73	73	15935.93
74	74	16797.31
75	75	17733.51
76	76	18866.04
77	77	19825.62
78	78	20474.27
79	79	21420.4
80	80	22715.15
81	81	23327.11
82	82	22679.44
83	83	21386.87
84	84	20099.81
85	85	18881.42
86	86	17746.47
87	87	16816.52
88	88	15956.1
89	89	15059.1
90	90	14277.2
91	91	13622.27
92	92	13329.42
93	93	13316.75
94	94	13278.61
95	95	13529.33
96	96	14159.4
97	97	14932.57
98	98	15830.33
99	99	16839.56
100	100	18026.77
101	101	19013.15
====================

