Gaussian Denoiser Window Size: 2
Predicted sites number: 7
Predicted nucleotides number: 7

Site#1:
10
Site#2:
31
Site#3:
55
Site#4:
65
Site#5:
72
Site#6:
87
Site#7:
104

extremaRank	extremaLoc	extremaNt	extremaNDS_gd
1	55	55	13819.74
2	10	10	13843.3
3	72	72	14544.9
4	104	104	14642.74
5	65	65	20373.57
6	87	87	25869.84
7	31	31	31469.08

Gaussian Denoised Signal:
1	1	19446.41
2	2	18692.76
3	3	17404.43
4	4	16397.38
5	5	15524.44
6	6	14809.59
7	7	14384.29
8	8	14135.66
9	9	13890.23
10	10	13843.3
11	11	14014.22
12	12	14278.66
13	13	14631.1
14	14	15090.27
15	15	15690.2
16	16	16281.2
17	17	16637.08
18	18	17104.36
19	19	17869.86
20	20	18709.6
21	21	19622.36
22	22	20626.87
23	23	21825.62
24	24	22891.7
25	25	23900.95
26	26	25160.84
27	27	26489.06
28	28	27882.55
29	29	29311.55
30	30	30737.45
31	31	31469.08
32	32	30803.86
33	33	29377.39
34	34	27925.73
35	35	26533.31
36	36	25205.4
37	37	23944.51
38	38	23157.67
39	39	22653.66
40	40	21897.97
41	41	21056.55
42	42	20360.87
43	43	19608.35
44	44	18698.55
45	45	17859.87
46	46	17093.9
47	47	16648.58
48	48	16390.52
49	49	15957.42
50	50	15432.06
51	51	14981.79
52	52	14603.3
53	53	14251.88
54	54	13988.66
55	55	13819.74
56	56	13904.85
57	57	14209.09
58	58	14640.33
59	59	15265.06
60	60	16040.93
61	61	16949.08
62	62	17976.28
63	63	19136.48
64	64	20225.57
65	65	20373.57
66	66	19366.08
67	67	18138.96
68	68	17110.35
69	69	16199.79
70	70	15419.66
71	71	14788.58
72	72	14544.9
73	73	14602.44
74	74	14646.74
75	75	14677.84
76	76	15013.93
77	77	15734.49
78	78	16588.03
79	79	17622.81
80	80	18702.47
81	81	19800.67
82	82	21034.81
83	83	22069.96
84	84	22770.8
85	85	23781.87
86	86	25174.38
87	87	25869.84
88	88	25209.31
89	89	23819.69
90	90	22420.51
91	91	21100.89
92	92	19864.85
93	93	19003.67
94	94	18296.52
95	95	17465.87
96	96	16622.75
97	97	15767.62
98	98	15040.68
99	99	14712.76
100	100	14711.05
101	101	14704.71
102	102	14691.54
103	103	14670.68
104	104	14642.74
105	105	14948.23
106	106	15674.84
107	107	16556.15
108	108	17569.63
====================

