Gaussian Denoiser Window Size: 2
Predicted sites number: 6
Predicted nucleotides number: 7

Site#1:
9
Site#2:
30
Site#3:
54
Site#4:
59
60
Site#5:
78
Site#6:
96

extremaRank	extremaLoc	extremaNt	extremaNDS_gd
1	9	9	14660.1
2	54	54	14671.14
3	60	60	15099.75
4	59	59	15142.16
5	96	96	15196.87
6	78	78	28935.2
7	30	30	30323.01

Gaussian Denoised Signal:
1	1	17899.12
2	2	17445.85
3	3	16603.09
4	4	15895.75
5	5	15341.73
6	6	15059.13
7	7	14906.13
8	8	14707.02
9	9	14660.1
10	10	14792.1
11	11	15001.67
12	12	15283.76
13	13	15638.72
14	14	16073.57
15	15	16633.88
16	16	17203.21
17	17	17561.12
18	18	18017.91
19	19	18747.72
20	20	19548.6
21	21	20419.89
22	22	21371.1
23	23	22509.12
24	24	23538.59
25	25	24515.2
26	26	25725.19
27	27	27003.19
28	28	28316.51
29	29	29634.24
30	30	30323.01
31	31	29721.94
32	32	28403.44
33	33	27060.14
34	34	25783.11
35	35	24572.84
36	36	23822.36
37	37	23345.27
38	38	22623.57
39	39	21816.43
40	40	21144.65
41	41	20421.95
42	42	19554.9
43	43	18756.52
44	44	18027.9
45	45	17611.61
46	46	17377.19
47	47	16968.74
48	48	16462.91
49	49	16017.61
50	50	15639.76
51	51	15287.81
52	52	15008.36
53	53	14801.14
54	54	14671.14
55	55	14701.03
56	56	14871.51
57	57	15039.64
58	58	15136.04
59	59	15142.16
60	60	15099.75
61	61	15254.8
62	62	15666.85
63	63	16107.26
64	64	16640.08
65	65	17253.98
66	66	17709.33
67	67	18272.23
68	68	19102.65
69	69	20006.43
70	70	21033.1
71	71	22092.85
72	72	23167.45
73	73	24344.56
74	74	25322.74
75	75	25987.23
76	76	26934.88
77	77	28247.43
78	78	28935.2
79	79	28342.04
80	80	27030.57
81	81	25699
82	82	24447.98
83	83	23269.1
84	84	22449.79
85	85	21768.48
86	86	20941.87
87	87	20082.02
88	88	19182.13
89	89	18354.63
90	90	17862.73
91	91	17508.19
92	92	16902.04
93	93	16272.55
94	94	15761.31
95	95	15354.99
96	96	15196.87
97	97	15444.54
98	98	15987.49
99	99	16687.59
100	100	17526.17
====================

