"nt"	"nds"
1	17899.121079530803
2	16992.5717462703
3	16213.600084768857
4	15577.909071441763
5	15105.55527066955
6	15012.709920576415
7	14799.554548820495
8	14614.48116987535
9	14705.71498564443
10	14878.480710875114
11	15124.861549984445
12	15442.660386190793
13	15834.789333084504
14	16312.356729541858
15	16955.406708254835
16	17451.003414780593
17	17671.23430483196
18	18364.59409505728
19	19130.84806031225
20	19966.35017611953
21	20873.43712809255
22	21868.772249172303
23	23149.47326718792
24	23927.71419472776
25	25102.69364925086
26	26347.69286995001
27	27658.683551301085
28	28974.34191574998
29	30294.128554504226
30	30351.891166939444
31	29091.987806139183
32	27714.886886176788
33	26405.389427489645
34	25160.828031313093
35	23984.858802548828
36	23659.857867194383
37	23030.6895244509
38	22216.44359124772
39	21416.4238288442
40	20872.87995106243
41	19971.013453620864
42	19138.789033269615
43	18374.260752242677
44	17681.534197162207
45	17541.694898754387
46	17212.687303555296
47	16724.80088287904
48	16201.019389347412
49	15834.193807948228
50	15445.320030879087
51	15130.293772555982
52	14886.42212991748
53	14715.859236643633
54	14626.414690960195
55	14775.647434700128
56	14967.373074808163
57	15111.897698629879
58	15160.178634244885
59	15124.150272596129
60	15075.339920245055
61	15434.251740808117
62	15899.446923671383
63	16315.074388141053
64	16965.08393012366
65	17542.870282605367
66	17875.795595881842
67	18668.670193102524
68	19536.63438346142
69	20476.220704349053
70	21589.988997260214
71	22595.718713268514
72	23739.17495428418
73	24949.951926130085
74	25695.521542342303
75	26278.938580539932
76	27590.81984867167
77	28904.044592407827
78	28966.35323685292
79	27717.7323641525
80	26343.412948088815
81	25054.58630968727
82	23841.382168773463
83	22696.819877719747
84	22202.75538063643
85	21334.205214765338
86	20549.52942681343
87	19614.510431134793
88	18749.757219850315
89	17959.51124498303
90	17765.948245429947
91	17250.430466260863
92	16553.650648142055
93	15991.454464798635
94	15531.156366243496
95	15178.822942389541
96	15214.90869861135
97	15674.167843586949
98	16300.811394645461
99	17074.371542419623
100	17977.962717254613
