"nt"	"nds"
1	19446.407630355385
2	17939.103717477814
3	16869.758100230385
4	15925.003830745227
5	15123.866307133721
6	14495.312841224824
7	14273.265061186205
8	13998.05792464969
9	13782.395168436671
10	13904.205819464796
11	14124.229011779933
12	14433.09813214231
13	14829.097865539356
14	15351.446185224428
15	16028.9477136339
16	16533.45395314011
17	16740.697820050587
18	17468.02536527315
19	18271.704312348164
20	19147.488494276793
21	20097.226103564015
22	21156.510264569988
23	22494.72541452997
24	23288.68037642632
25	24513.22275594749
26	25808.449880967997
27	27169.663359926137
28	28595.434974065804
29	30027.661620100447
30	31447.232529540266
31	31490.92783553262
32	30116.789125622723
33	28637.996055684493
34	27213.46216882495
35	25853.14836139829
36	24557.644428608666
37	23331.38491990964
38	22983.96392133991
39	22323.365649183535
40	21472.57409488109
41	20640.517823305014
42	20081.214528451314
43	19135.49385671211
44	18261.60836173314
45	17458.129237203073
46	16729.673386115195
47	16567.495460413717
48	16213.543254536218
49	15701.305360509756
50	15162.80956535923
51	14800.766019694474
52	14405.843173300473
53	14097.911499954032
54	13879.406315737771
55	13760.081205388318
56	14049.625775192948
57	14368.55866836796
58	14912.108164764786
59	15618.009879474397
60	16463.855230044996
61	17434.310473907077
62	18518.245791475794
63	19754.71445646629
64	20696.43202434596
65	20050.70960656805
66	18681.45492654051
67	17596.468512357067
68	16624.23951536307
69	15775.349133509853
70	15063.973296678385
71	14513.191858918099
72	14576.600382800805
73	14628.287350959097
74	14665.187482809317
75	14690.485094785727
76	15337.366162973483
77	16131.614882907923
78	17044.4506824415
79	18201.165908215902
80	19203.768312676115
81	20397.56766765412
82	21672.049809008855
83	22467.861421133955
84	23073.74470790166
85	24489.9859907858
86	25858.768733687528
87	25880.908767161174
88	24537.710546634495
89	23101.66471228542
90	21739.349312061768
91	20462.43061632708
92	19267.259876494885
93	18740.078629062944
94	17852.957720809365
95	17078.79161311002
96	16166.704839261283
97	15368.538494606277
98	14712.813762532
99	14712.713772367219
100	14709.378836913442
101	14700.031851972431
102	14683.047414481169
103	14658.320381117615
104	14627.153150280905
105	15269.306437749598
106	16080.382571857645
107	17031.922231323697
108	18107.337473480202
