"nt"	"nds"
1	16097.670353657657
2	15617.636478538992
3	15585.004266682288
4	15442.657439882661
5	15190.799236398907
6	14923.528880105998
7	14800.26513926055
8	14823.615297211982
9	14953.936013900839
10	15174.7410475214
11	15479.256340743827
12	15867.38709800842
13	16289.04685669492
14	16922.648815392316
15	17450.79862630465
16	17734.31335766592
17	18447.094943273307
18	19012.12336265656
19	19711.468860474757
20	20163.125182089796
21	21108.168683674412
22	22128.34750993865
23	23239.477372340407
24	24440.974810285566
25	25715.50479235041
26	27055.901783748872
27	28460.662384719504
28	29830.75619080698
29	31269.45464543288
30	31393.626008713127
31	30083.250539665365
32	28581.375405168048
33	27180.39229225276
34	25843.21529593328
35	24569.68500809504
36	23361.14727278361
37	23188.147453727586
38	22900.201072425618
39	22534.893246409807
40	22161.224288311096
41	21154.465682324153
42	20217.00393465267
43	19527.360209581766
44	18530.268743336706
45	17816.484679275567
46	17732.360527683628
47	17434.012079516637
48	16939.912449490017
49	16373.735470745956
50	15941.154505225773
51	15557.521922449807
52	15257.519137773537
53	15041.789110643596
54	14917.477785361765
55	14898.118523724846
56	15125.360213966198
57	15568.835328673731
58	16179.324980653459
59	16934.443722969878
60	17818.12811111167
61	18819.411882946006
62	19865.550456064033
63	20985.920635199232
64	21086.0679933923
65	20066.148589789096
66	18913.7312216037
67	17913.62887004197
68	17030.821677445663
69	16276.35007207692
70	15666.565965160957
71	15229.46686770168
72	15429.434009610406
73	15568.014836766995
74	15622.862917290558
75	15618.792782396436
76	16096.703324799595
77	16472.26946527395
78	16949.77094153009
79	17334.5818537373
80	17531.053301622826
81	18272.61939028398
82	19104.059169842953
83	19537.973610432848
84	20493.82412808083
85	21105.226086564016
86	21975.411164607398
87	22840.61956505174
88	23489.557294089267
89	23801.70229334276
90	25050.73138596646
91	26371.035513651223
92	27758.776815226523
93	29245.253188271927
94	30550.947293175694
95	30434.175226179676
96	29010.044226050606
97	27647.572905061494
98	26258.21458250733
99	24937.186451225058
100	23689.25808449583
101	22812.415893270583
102	21449.14457430532
103	20441.517214337677
104	19482.9010043208
105	18967.567831298962
106	18142.46607240382
107	17487.71467451647
