Gaussian Denoiser Window Size: 2
Predicted sites number: 7
Predicted nucleotides number: 7

Site#1:
1
Site#2:
8
Site#3:
30
Site#4:
55
Site#5:
64
Site#6:
72
Site#7:
95

extremaRank	extremaLoc	extremaNt	extremaNDS_gd
1	8	8	14811.94
2	55	55	14907.8
3	72	72	15329.45
4	1	1	16097.67
5	64	64	21035.99
6	95	95	30492.56
7	30	30	31331.54

Gaussian Denoised Signal:
1	1	16097.67
2	2	15857.65
3	3	15601.32
4	4	15513.83
5	5	15316.73
6	6	15057.16
7	7	14861.9
8	8	14811.94
9	9	14888.78
10	10	15064.34
11	11	15327
12	12	15673.32
13	13	16078.22
14	14	16605.85
15	15	17186.72
16	16	17592.56
17	17	18090.7
18	18	18729.61
19	19	19361.8
20	20	19937.3
21	21	20635.65
22	22	21618.26
23	23	22683.91
24	24	23840.23
25	25	25078.24
26	26	26385.7
27	27	27758.28
28	28	29145.71
29	29	30550.11
30	30	31331.54
31	31	30738.44
32	32	29332.31
33	33	27880.88
34	34	26511.8
35	35	25206.45
36	36	23965.42
37	37	23274.65
38	38	23044.17
39	39	22717.55
40	40	22348.06
41	41	21657.84
42	42	20685.73
43	43	19872.18
44	44	19028.81
45	45	18173.38
46	46	17774.42
47	47	17583.19
48	48	17186.96
49	49	16656.82
50	50	16157.44
51	51	15749.34
52	52	15407.52
53	53	15149.65
54	54	14979.63
55	55	14907.8
56	56	15011.74
57	57	15347.1
58	58	15874.08
59	59	16556.88
60	60	17376.29
61	61	18318.77
62	62	19342.48
63	63	20425.74
64	64	21035.99
65	65	20576.11
66	66	19489.94
67	67	18413.68
68	68	17472.23
69	69	16653.59
70	70	15971.46
71	71	15448.02
72	72	15329.45
73	73	15498.72
74	74	15595.44
75	75	15620.83
76	76	15857.75
77	77	16284.49
78	78	16711.02
79	79	17142.18
80	80	17432.82
81	81	17901.84
82	82	18688.34
83	83	19321.02
84	84	20015.9
85	85	20799.53
86	86	21540.32
87	87	22408.02
88	88	23165.09
89	89	23645.63
90	90	24426.22
91	91	25710.88
92	92	27064.91
93	93	28502.02
94	94	29898.1
95	95	30492.56
96	96	29722.11
97	97	28328.81
98	98	26952.89
99	99	25597.7
100	100	24313.22
101	101	23250.84
102	102	22130.78
103	103	20945.33
104	104	19962.21
105	105	19225.23
106	106	18555.02
107	107	17815.09
====================

