"nt"	"nds"
1	13227.407127523033
2	12618.123949071416
3	12129.272863814826
4	11821.606970774817
5	11716.346329750528
6	11805.61892036741
7	11702.715541556594
8	11749.243810986118
9	11927.85752300098
10	12220.323657488098
11	12615.42097405755
12	13070.930043818073
13	13745.313782854611
14	14296.415728128839
15	14571.710008471546
16	15318.590810934285
17	15816.376335074085
18	16180.548027298773
19	17103.735304018996
20	18097.704473136666
21	19310.10737634509
22	20329.568763455733
23	21529.304532731658
24	22796.255550958864
25	24128.314901716974
26	25476.701120359692
27	26804.595954627388
28	26843.413998015985
29	25556.317923883627
30	24166.62038451875
31	22836.13013851856
32	21570.217141381003
33	20370.307042691737
34	19811.823624117613
35	18897.46274700786
36	18110.329662603417
37	17122.01464318136
38	16206.051988984247
39	15371.867501514975
40	14625.119497739326
41	14507.564673861549
42	14178.3858101758
43	13666.746756119499
44	13098.266263016449
45	12673.18584982225
46	12288.751899215147
47	12006.054823137874
48	11832.499733817063
49	11780.395797680078
50	11859.436565880911
51	12148.564400983258
52	12586.579332214553
53	13184.570084815578
54	13918.867682209358
55	14773.634503642485
56	15737.807074570803
57	16803.720815876914
58	17855.011013420302
59	19053.62429800569
60	19238.75063133648
61	18229.37068294359
62	16982.005887197898
63	15921.267117701687
64	14962.661609749031
65	14113.938475564812
66	13386.239396064757
67	12795.712882062453
68	12368.658632905534
69	12401.030036691234
70	12928.00757179682
71	12598.57035885327
72	12760.3144965779
73	13373.360630066922
74	14116.624042265108
75	14970.178551642113
76	15920.9263189717
77	16961.57278852758
78	18090.644742727593
79	18842.127959891208
80	20091.410504172323
81	21392.235258114728
82	22361.26146028413
83	22751.684703704977
84	22472.483248876728
85	21589.21483005754
86	20321.613867188556
87	19030.091806267952
88	18162.439396449226
89	17038.6471024951
90	16003.522720377978
91	15058.524570827421
92	14211.699745465661
93	13478.76161959072
94	12886.9570627649
95	13438.236329424893
96	14017.789650237652
97	14536.00621562545
98	14915.808511397165
99	15105.438215991639
100	15080.77428221077
101	14844.067194550056
102	14422.988976901102
