Gaussian Denoiser Window Size: 2
Predicted sites number: 8
Predicted nucleotides number: 10

Site#1:
8
Site#2:
28
Site#3:
49
Site#4:
60
Site#5:
69
71
72
Site#6:
84
Site#7:
95
Site#8:
100

extremaRank	extremaLoc	extremaNt	extremaNDS_gd
1	8	8	11725.98
2	49	49	11806.45
3	69	69	12384.84
4	72	72	12679.44
5	71	71	12763.29
6	95	95	13162.6
7	100	100	15093.11
8	60	60	19146.19
9	84	84	22612.08
10	28	28	26824

Gaussian Denoised Signal:
1	1	13227.41
2	2	12922.77
3	3	12373.7
4	4	11975.44
5	5	11768.98
6	6	11760.98
7	7	11754.17
8	8	11725.98
9	9	11838.55
10	10	12074.09
11	11	12417.87
12	12	12843.18
13	13	13408.12
14	14	14020.86
15	15	14434.06
16	16	14945.15
17	17	15567.48
18	18	15998.46
19	19	16642.14
20	20	17600.72
21	21	18703.91
22	22	19819.84
23	23	20929.44
24	24	22162.78
25	25	23462.29
26	26	24802.51
27	27	26140.65
28	28	26824
29	29	26199.87
30	30	24861.47
31	31	23501.38
32	32	22203.17
33	33	20970.26
34	34	20091.07
35	35	19354.64
36	36	18503.9
37	37	17616.17
38	38	16664.03
39	39	15788.96
40	40	14998.49
41	41	14566.34
42	42	14342.98
43	43	13922.57
44	44	13382.51
45	45	12885.73
46	46	12480.97
47	47	12147.4
48	48	11919.28
49	49	11806.45
50	50	11819.92
51	51	12004
52	52	12367.57
53	53	12885.57
54	54	13551.72
55	55	14346.25
56	56	15255.72
57	57	16270.76
58	58	17329.37
59	59	18454.32
60	60	19146.19
61	61	18734.06
62	62	17605.69
63	63	16451.64
64	64	15441.96
65	65	14538.3
66	66	13750.09
67	67	13090.98
68	68	12582.19
69	69	12384.84
70	70	12664.52
71	71	12763.29
72	72	12679.44
73	73	13066.84
74	74	13744.99
75	75	14543.4
76	76	15445.55
77	77	16441.25
78	78	17526.11
79	79	18466.39
80	80	19466.77
81	81	20741.82
82	82	21876.75
83	83	22556.47
84	84	22612.08
85	85	22030.85
86	86	20955.41
87	87	19675.85
88	88	18596.27
89	89	17600.54
90	90	16521.08
91	91	15531.02
92	92	14635.11
93	93	13845.23
94	94	13182.86
95	95	13162.6
96	96	13728.01
97	97	14276.9
98	98	14725.91
99	99	15010.62
100	100	15093.11
101	101	14962.42
102	102	14633.53
====================

