"nt"	"nds"
1	3584.5564032758725
2	3159.6892705418036
3	2795.283205676687
4	2493.3201951024216
5	2408.1290129109198
6	2247.52369123919
7	2097.749858308703
8	2136.9301910034
9	2156.8562319005505
10	2138.121066224724
11	2086.249100048345
12	2029.9576711165512
13	2129.6914886311406
14	2355.833987029871
15	2572.1199780201346
16	2661.713167715361
17	2994.941207357155
18	3428.4123531434725
19	3797.5462059630736
20	3782.6409149646224
21	3397.17622890071
22	2979.5576897763494
23	2645.367062260568
24	2530.7577898516693
25	2312.0025401649877
26	2112.555595754434
27	2015.0922311240556
28	2080.633512961725
29	2076.6661882388507
30	2226.7990355927977
31	2454.823988700644
32	2756.1584267568583
33	3121.4322684460963
34	3546.1739465150467
35	4163.907061654491
