Gaussian Denoiser Window Size: 2
Predicted sites number: 5
Predicted nucleotides number: 7

Site#1:
1
Site#2:
8
10
12
Site#3:
20
Site#4:
28
Site#5:
35

extremaRank	extremaLoc	extremaNt	extremaNDS_gd
1	28	28	2047.86
2	12	12	2058.1
3	8	8	2117.34
4	10	10	2147.49
5	1	1	3584.56
6	20	20	3790.09
7	35	35	3855.04

Gaussian Denoised Signal:
1	1	3584.56
2	2	3372.12
3	3	2977.49
4	4	2644.3
5	5	2450.72
6	6	2327.83
7	7	2172.64
8	8	2117.34
9	9	2146.89
10	10	2147.49
11	11	2112.19
12	12	2058.1
13	13	2079.82
14	14	2242.76
15	15	2463.98
16	16	2616.92
17	17	2828.33
18	18	3211.68
19	19	3612.98
20	20	3790.09
21	21	3589.91
22	22	3188.37
23	23	2812.46
24	24	2588.06
25	25	2421.38
26	26	2212.28
27	27	2063.82
28	28	2047.86
29	29	2078.65
30	30	2151.73
31	31	2340.81
32	32	2605.49
33	33	2938.8
34	34	3333.8
35	35	3855.04
====================

