Gaussian Denoiser Window Size: 2
Predicted sites number: 6
Predicted nucleotides number: 7

Site#1:
1
Site#2:
6
7
Site#3:
13
Site#4:
22
Site#5:
31
Site#6:
36

extremaRank	extremaLoc	extremaNt	extremaNDS_gd
1	31	31	1908.76
2	13	13	1917.38
3	6	6	2120.9
4	7	7	2125.27
5	36	36	3279.61
6	1	1	3568.01
7	22	22	3841.62

Gaussian Denoised Signal:
1	1	3568.01
2	2	3338.45
3	3	2909.91
4	4	2544.3
5	5	2246.78
6	6	2120.9
7	7	2125.27
8	8	2116.47
9	9	2091.91
10	10	2052.03
11	11	2001.32
12	12	1948.92
13	13	1917.38
14	14	1938.77
15	15	2028.01
16	16	2209.78
17	17	2446.57
18	18	2614.03
19	19	2839.77
20	20	3238.05
21	21	3654.25
22	22	3841.62
23	23	3637.73
24	24	3221.26
25	25	2828.18
26	26	2592.7
27	27	2414.5
28	28	2185.92
29	29	2013.61
30	30	1925.02
31	31	1908.76
32	32	1988.33
33	33	2184.28
34	34	2478.65
35	35	2846.93
36	36	3279.61
====================

