"nt"	"nds"
1	3568.0080974515326
2	3108.8957276397055
3	2710.9288313149614
4	2377.6629005278846
5	2115.8990620873037
6	2125.8959091490055
7	2124.637602533252
8	2108.3039345801217
9	2075.5082679614343
10	2028.5581313682494
11	1974.0791115531124
12	1923.7656383573988
13	1911.001446532105
14	1966.5303703852292
15	2089.495759619195
16	2330.056912624874
17	2563.0757016982016
18	2664.9839456390246
19	3014.5480861066167
20	3461.559404056946
21	3846.943842175275
22	3836.3044489426306
23	3439.1468613036986
24	3003.3779011550632
25	2652.9802724861775
26	2532.4165030518006
27	2296.5856432031364
28	2075.2614167134707
29	1951.950977841753
30	1898.0864394110383
31	1919.4262207703116
32	2057.2262940879846
33	2311.3277974229536
34	2645.967674841936
35	3047.8989675170296
36	3511.3118992364034
