Gaussian Denoiser Window Size: 2
Predicted sites number: 5
Predicted nucleotides number: 7

Site#1:
1
Site#2:
10
Site#3:
19
Site#4:
28
30
31
Site#5:
38

extremaRank	extremaLoc	extremaNt	extremaNDS_gd
1	10	10	2502.59
2	28	28	2509.16
3	31	31	2550.73
4	30	30	2575.69
5	38	38	4537.66
6	19	19	4601.58
7	1	1	4777.59

Gaussian Denoised Signal:
1	1	4777.59
2	2	4526.11
3	3	4051.98
4	4	3636.38
5	5	3280.6
6	6	2985.52
7	7	2752.41
8	8	2584.09
9	9	2526.01
10	10	2502.59
11	11	2538.69
12	12	2677.54
13	13	2778.2
14	14	2955.93
15	15	3212.13
16	16	3513.08
17	17	3937.56
18	18	4383.37
19	19	4601.58
20	20	4399.18
21	21	3953.51
22	22	3523.89
23	23	3229.55
24	24	2973.81
25	25	2798.88
26	26	2706.67
27	27	2558.13
28	28	2509.16
29	29	2559.52
30	30	2575.69
31	31	2550.73
32	32	2598.67
33	33	2767.66
34	34	3000.36
35	35	3294.64
36	36	3649.54
37	37	4064.3
38	38	4537.66
====================

