"nt"	"nds"
1	4777.592168942412
2	4274.630535820185
3	3829.32695944559
4	3443.424980142012
5	3117.7715962330644
6	2853.261334111733
7	2651.556947614688
8	2516.619636039116
9	2535.3936113512827
10	2469.782961223839
11	2607.604379482274
12	2747.4820829907053
13	2808.9134629751106
14	3102.9448870029537
15	3321.3185486916836
16	3704.8408003339955
17	4170.286390465055
18	4596.453825699178
19	4606.696662664976
20	4191.670378812986
21	3715.355179441903
22	3332.4347612755287
23	3126.6554845686214
24	2820.969412126579
25	2776.793976454609
26	2636.552294102098
27	2479.706816271133
28	2538.6156342400263
29	2580.4229307014134
30	2570.9621180342674
31	2530.500999450477
32	2666.8451639875134
33	2868.4722475156145
34	3132.257542582697
35	3457.028834365832
36	3842.0579495954685
37	4286.550383276375
38	4788.77527714907
