Gaussian Denoiser Window Size: 2
Predicted sites number: 4
Predicted nucleotides number: 4

Site#1:
1
Site#2:
7
Site#3:
30
Site#4:
35

extremaRank	extremaLoc	extremaNt	extremaNDS_gd
1.5	7	7	2313.45
1.5	30	30	2313.45
3	35	35	3717.69
4	1	1	3940.34

Gaussian Denoised Signal:
1	1	3940.34
2	2	3717.69
3	3	3302.91
4	4	2950.8
5	5	2664.75
6	6	2449.43
7	7	2313.45
8	8	2315.64
9	9	2440.72
10	10	2604.18
11	11	2780.52
12	12	2954.61
13	13	3116.76
14	14	3260.27
15	15	3380.27
16	16	3473.22
17	17	3536.56
18	18	3568.62
19	19	3568.62
20	20	3536.56
21	21	3473.22
22	22	3380.27
23	23	3260.27
24	24	3116.76
25	25	2954.61
26	26	2780.52
27	27	2604.18
28	28	2440.72
29	29	2315.64
30	30	2313.45
31	31	2449.43
32	32	2664.75
33	33	2950.8
34	34	3302.91
35	35	3717.69
====================

