"nt"	"nds"
1	4166.479635658478
2	3696.303069506345
3	3284.7096483946866
4	2933.9904078343293
5	2646.059008533358
6	2424.110277441101
7	2275.041251067327
8	2342.4149380224294
9	2391.944584967424
10	2379.891317330212
11	2340.561256232489
12	2559.267993223152
13	2723.214503242809
14	3042.500727626951
15	3419.746657878652
16	3846.5735810932574
17	4032.3134497476185
18	3872.6782398353366
19	3453.595453428901
20	3057.151606083977
21	2738.077107901595
22	2589.481049689762
23	2353.9867865152105
24	2404.5033800954056
25	2456.769446482035
26	2481.8323835664164
27	2468.860927636681
28	2419.650325705027
29	2348.2881106136774
30	2284.9421451563835
31	2435.3555808298906
32	2657.8680084651382
33	2945.6722215412788
34	3295.980049476627
35	3707.062870521279
36	4176.709152244166
