"nt"	"nds"
1	3940.339143834715
2	3495.0468366789287
3	3110.7772143816533
4	2790.8199043202135
5	2538.67887322158
6	2360.1765830375716
7	2266.73037453301
8	2364.547235450311
9	2516.8942337876215
10	2691.464892278032
11	2869.582751867103
12	3039.6438029543724
13	3193.87346333025
14	3326.661965916721
15	3433.8839946510598
16	3512.555676731429
17	3560.557240371593
18	3576.686480107118
19	3560.5572403715914
20	3512.5556767314292
21	3433.8839946510593
22	3326.6619659167213
23	3193.8734633302497
24	3039.643802954372
25	2869.582751867103
26	2691.4648922780325
27	2516.8942337876206
28	2364.547235450311
29	2266.7303745330096
30	2360.1765830375716
31	2538.6788732215805
32	2790.819904320214
33	3110.7772143816533
34	3495.046836678929
35	3940.339143834715
