Gaussian Denoiser Window Size: 2
Predicted sites number: 7
Predicted nucleotides number: 9

Site#1:
1
Site#2:
8
10
11
Site#3:
18
Site#4:
24
Site#5:
27
Site#6:
30
Site#7:
36

extremaRank	extremaLoc	extremaNt	extremaNDS_gd
1	8	8	2308.73
2	30	30	2316.62
3	11	11	2360.23
4	24	24	2379.25
5	10	10	2385.92
6	27	27	2475.35
7	36	36	3941.89
8	18	18	3952.5
9	1	1	4166.48

Gaussian Denoised Signal:
1	1	4166.48
2	2	3931.39
3	3	3490.51
4	4	3109.35
5	5	2790.02
6	6	2535.08
7	7	2349.58
8	8	2308.73
9	9	2367.18
10	10	2385.92
11	11	2360.23
12	12	2449.91
13	13	2641.24
14	14	2882.86
15	15	3231.12
16	16	3633.16
17	17	3939.44
18	18	3952.5
19	19	3663.14
20	20	3255.37
21	21	2897.61
22	22	2663.78
23	23	2471.73
24	24	2379.25
25	25	2430.64
26	26	2469.3
27	27	2475.35
28	28	2444.26
29	29	2383.97
30	30	2316.62
31	31	2360.15
32	32	2546.61
33	33	2801.77
34	34	3120.83
35	35	3501.52
36	36	3941.89
====================

