"nt"	"nds"
1	4487.965443715447
2	4001.137557086274
3	3572.276232113589
4	3203.321483040856
5	2895.581505220226
6	2651.458940625235
7	2614.1045141315685
8	2492.465860494755
9	2351.484208936683
10	2313.587620931529
11	2419.5652330515145
12	2494.689049562242
13	2502.3941974854415
14	2738.3558666380254
15	2989.85917133673
16	3118.715128913458
17	3473.7997478400985
18	3914.5810253254012
19	4192.767376950183
20	4190.368606098065
21	3908.559144983693
22	3467.453746226312
23	3116.1053025212714
24	2983.2513603199864
25	2731.3357344152346
26	2499.474331532773
27	2487.647689496909
28	2412.693079550103
29	2311.2561707764703
30	2350.602342748185
31	2541.5115628046815
32	2639.6740373220887
33	2883.4173450567046
34	3191.5629031525914
35	3561.21206209808
36	3990.803516546598
37	4478.31860073834
