Gaussian Denoiser Window Size: 2
Predicted sites number: 5
Predicted nucleotides number: 5

Site#1:
1
Site#2:
10
Site#3:
20
Site#4:
30
Site#5:
37

extremaRank	extremaLoc	extremaNt	extremaNDS_gd
1	30	30	2330.93
2	10	10	2332.54
3	20	20	4191.57
4	37	37	4234.56
5	1	1	4487.97

Gaussian Denoised Signal:
1	1	4487.97
2	2	4244.55
3	3	3786.71
4	4	3387.8
5	5	3049.45
6	6	2773.52
7	7	2632.78
8	8	2553.29
9	9	2421.98
10	10	2332.54
11	11	2366.58
12	12	2457.13
13	13	2498.54
14	14	2620.38
15	15	2864.11
16	16	3054.29
17	17	3296.26
18	18	3694.19
19	19	4053.67
20	20	4191.57
21	21	4049.46
22	22	3688.01
23	23	3291.78
24	24	3049.68
25	25	2857.29
26	26	2615.41
27	27	2493.56
28	28	2450.17
29	29	2361.97
30	30	2330.93
31	31	2446.06
32	32	2590.59
33	33	2761.55
34	34	3037.49
35	35	3376.39
36	36	3776.01
37	37	4234.56
====================

