"nt"	"nds"
1	2477.9792418121024
2	2138.7847350849484
3	1856.9548990457822
4	1634.1189241371019
5	1470.9591826488588
6	1368.1933497643256
7	1327.6912821265084
8	1358.1265503889044
9	1459.6924002955532
10	1624.2094052140606
11	1850.7728863733125
12	2162.7599820007244
13	2438.8055649348858
14	2445.976463728838
15	2178.0715386783245
16	1858.5171207780106
17	1632.59111258263
18	1468.440881495208
19	1365.7653495659629
20	1364.0120177871136
21	1332.3959928928612
22	1374.283583073348
23	1476.9463144924944
24	1639.6757086686441
25	1862.0499957025263
26	2143.456242469138
27	2482.277744763139
