Gaussian Denoiser Window Size: 2
Predicted sites number: 5
Predicted nucleotides number: 5

Site#1:
1
Site#2:
8
Site#3:
14
Site#4:
21
Site#5:
27

extremaRank	extremaLoc	extremaNt	extremaNDS_gd
1	8	8	1342.91
2	21	21	1348.2
3	27	27	2312.87
4	14	14	2442.39
5	1	1	2477.98

Gaussian Denoised Signal:
1	1	2477.98
2	2	2308.38
3	3	1997.87
4	4	1745.54
5	5	1552.54
6	6	1419.58
7	7	1347.94
8	8	1342.91
9	9	1408.91
10	10	1541.95
11	11	1737.49
12	12	2006.77
13	13	2300.78
14	14	2442.39
15	15	2312.02
16	16	2018.29
17	17	1745.55
18	18	1550.52
19	19	1417.1
20	20	1364.89
21	21	1348.2
22	22	1353.34
23	23	1425.61
24	24	1558.31
25	25	1750.86
26	26	2002.75
27	27	2312.87
====================

