Gaussian Denoiser Window Size: 2
Predicted sites number: 5
Predicted nucleotides number: 5

Site#1:
1
Site#2:
11
Site#3:
24
Site#4:
35
Site#5:
48

extremaRank	extremaLoc	extremaNt	extremaNDS_gd
1	35	35	3831.21
2	11	11	3846.92
3	1	1	6211.24
4	24	24	7343.84
5	48	48	7394.15

Gaussian Denoised Signal:
1	1	6211.24
2	2	5975.21
3	3	5500.03
4	4	5172.14
5	5	4903.8
6	6	4554.51
7	7	4318.37
8	8	4141.93
9	9	3969.26
10	10	3876.1
11	11	3846.92
12	12	3877.23
13	13	3923.15
14	14	3941.86
15	15	4030.57
16	16	4236.12
17	17	4504.94
18	18	4838.05
19	19	5234.68
20	20	5686.51
21	21	6056.33
22	22	6496.51
23	23	7079.16
24	24	7343.84
25	25	7049.92
26	26	6467.05
27	27	6022.11
28	28	5635.51
29	29	5196.82
30	30	4814.57
31	31	4480.04
32	32	4210.43
33	33	4006.8
34	34	3878.17
35	35	3831.21
36	36	3858.21
37	37	3951.32
38	38	4116.44
39	39	4293.16
40	40	4525.01
41	41	4861.86
42	42	5141.96
43	43	5480.79
44	44	5937.56
45	45	6463.74
46	46	7021.81
47	47	7373.45
48	48	7394.15
====================

