"nt"	"nds"
1	6211.2393332448855
2	5739.186144588061
3	5260.864366543909
4	5083.415509563027
5	4724.175662235819
6	4384.84691952563
7	4251.899588835706
8	4031.9648719059182
9	3906.5503841672016
10	3845.641875401114
11	3848.2066552205624
12	3906.2477292520634
13	3940.055946291324
14	3943.661563882907
15	4117.487299206963
16	4354.749781477893
17	4655.136386392213
18	5020.969923295681
19	5448.380787092667
20	5924.632151978236
21	6188.021919439983
22	6804.9944800855565
23	7353.328450930328
24	7334.342285492529
25	6765.4983010902115
26	6168.610199015774
27	5875.608902341438
28	5395.402125493657
29	4998.239107873347
30	4630.89781400367
31	4329.183039969979
32	4091.6822668915
33	3921.910670005532
34	3834.436936639816
35	3827.981211146069
36	3888.432667892344
37	4014.2009135983717
38	4218.688810675003
39	4367.636179381211
40	4682.3824923293805
41	5041.334727325929
42	5242.584342146545
43	5718.98611687042
44	6156.132600745526
45	6771.341657688764
46	7272.28236339543
47	7474.619959328908
48	7313.676226044385
