"nt"	"nds"
1	4932.096835831538
2	4629.12675755777
3	4399.485640412089
4	4249.497800902636
5	4187.005147201175
6	4230.800176468382
7	4378.101108993779
8	4613.243653216242
9	4928.884058351381
10	5114.95884663326
11	5286.112540675089
12	5387.952505300567
13	5898.457401575147
14	6476.22052616873
15	7118.530720613222
16	7902.834708528914
17	8356.052616223787
18	7900.76748272836
19	7115.860929101151
20	6472.069572385911
21	5893.6100788629565
22	5386.401009032587
23	4969.196899705118
24	4646.08627489988
25	4409.458575943991
26	4275.216771059799
27	4505.497337170673
28	4855.59858832065
29	5202.338666783602
30	5433.293348962281
31	5485.342415210918
32	5346.356042516254
33	5052.329164103525
34	4686.484511119992
35	4368.38127856047
36	4208.4329129785665
37	4256.779873745329
38	4405.934746864875
39	4636.3158574257595
40	4938.588931999381
41	5412.4465158732955
42	5743.56199333414
43	6236.533467978676
44	6794.771550681821
45	7417.054779698732
46	8112.256271245556
47	8755.071241093194
48	8756.878105877378
49	8117.652022085966
50	7420.707090617613
51	6799.9409730842035
52	6243.520094804427
53	5752.854169761792
54	5574.934215439151
