"nt"	"nds"
1	40024.63863890386
2	39993.16420073279
3	40549.49787582392
4	41214.91649406102
5	41974.58376897146
6	42821.852066712294
7	43753.83133063899
8	44771.38349957618
9	46164.044282922434
10	47332.57680810328
11	48755.66993684572
12	50324.64139973683
13	52024.193158181464
14	53845.070858450155
15	55781.24154172763
16	57353.6234784603
17	59499.95524105781
18	60953.991658535415
19	63237.464753549655
20	65611.45478178002
21	68069.34362091296
22	70607.84549104206
23	73048.9876250793
24	75588.00194117294
25	75735.29584332118
26	73336.90710066055
27	70739.66344681366
28	68199.36564208337
29	65739.2807960411
30	63363.66754365314
31	61079.0754541548
32	59804.00849606948
33	57664.40534074319
34	55909.84454002959
35	53979.57487769523
36	52168.93454021608
37	50485.19404691832
38	48939.51034451127
39	47548.153124802724
40	47533.54732536716
41	47517.15868178785
42	48711.79937147804
43	50077.30500916824
44	51597.07929186545
45	53258.970594899205
46	55053.7327385058
47	56973.2299113552
48	59011.01847697324
49	61163.48432941529
50	63166.90460805967
51	65674.47250014413
52	67497.99711525804
53	67855.73106247226
54	66619.18418241218
55	64319.284219117944
56	61971.05728587652
57	60702.41843795372
58	58543.10838713298
59	56496.37394091769
60	54565.10661981765
61	52754.519801184484
62	51071.62670940037
63	49524.62801786903
64	48123.85799996035
65	46884.871393811176
66	45614.97528634923
67	44575.19469714128
68	43556.12682029298
69	42623.04626965608
70	41775.44804635308
71	41016.7713074844
72	40354.7333315529
73	39804.637500330755
74	39371.69812568968
75	38934.65074920759
76	38787.0092781195
77	38851.70472274682
78	39039.43589383953
79	39255.29940347771
80	39424.16620372202
81	39509.86492097267
82	39523.10432084733
83	39517.091754889574
84	39569.38935770704
85	40002.54447759882
86	40547.94709270233
87	41212.66632156492
88	41308.97453585943
89	42694.34994691659
90	43743.06520875684
91	44932.43102594401
92	46250.820454248395
93	47348.456454026345
94	48887.7354349308
95	49954.10410805162
96	51650.85779810039
97	53446.96529834475
98	55338.241696435936
99	57327.429963300034
100	59416.30668051523
101	62046.18343222059
102	64682.685536613375
103	67061.25582442337
104	69524.66012722177
105	71524.27302053616
106	74255.03644480373
107	75687.13011985368
108	74813.82756045848
109	72219.37375196615
110	69818.39693514915
111	67354.04518658176
112	64970.101443891435
113	64394.90477606944
114	63325.27281246762
115	61963.21969151701
116	60607.394244361414
117	59596.151861153565
118	57511.387494812305
119	56687.75787616601
120	55494.62750826798
121	53608.90745748257
122	51814.654806035556
123	50118.50610418127
124	49288.59824919088
125	47755.16233886347
126	46416.170153789426
127	45098.64346561144
128	43910.56824988954
129	42866.27504721857
130	42726.445258226675
131	43576.610563190225
132	42626.66519982421
133	42669.60631149892
134	43659.72508424092
135	44827.33827023143
136	46150.65041914264
137	47734.429663714116
138	48830.72233688786
139	50524.55646986566
140	52342.127379188314
141	53611.63413228598
142	55430.18947827972
143	57277.46551407808
144	58684.5163948818
145	59338.692348627636
146	61613.92196346973
147	63985.55967934018
148	66738.31728314751
149	68152.98453754239
150	66291.19139592303
151	63735.00059658984
152	61360.6601678275
153	59083.06113141359
154	57685.3075130411
155	55498.74394697888
156	53328.97074156209
157	52099.26498353634
158	50270.717018960844
159	48564.8351312844
160	47170.5746175012
161	45858.60658719221
162	44516.167172417154
163	43324.78852501225
164	42301.57903590132
165	41417.29827143194
166	40746.94227059117
167	40193.87363637293
168	39754.44481053459
169	40057.34708129219
170	40315.6100257111
171	40392.0592779002
172	40221.09455944523
173	39830.60064056707
174	39342.765303872686
175	38941.98476365331
176	39079.06927150277
177	39453.673762727114
178	39809.664237082936
179	40571.00582872178
180	41569.193522218
181	42776.86934741977
182	44047.80164892727
183	45545.397187483104
184	45717.921027282886
185	44410.76882091563
186	42957.74868832382
187	41765.72744447703
188	40784.98367195031
189	40041.6384037717
190	40051.69558482784
