Gaussian Denoiser Window Size: 2
Predicted sites number: 7
Predicted nucleotides number: 7

Site#1:
1
Site#2:
9
Site#3:
16
Site#4:
23
Site#5:
33
Site#6:
41
Site#7:
48

extremaRank	extremaLoc	extremaNt	extremaNDS_gd
1	9	9	3078.26
2	41	41	3123.43
3	23	23	3140.35
4	16	16	5559.85
5	48	48	5563.34
6	33	33	5742.92
7	1	1	5870.01

Gaussian Denoised Signal:
1	1	5870.01
2	2	5558.3
3	3	4966.78
4	4	4441.17
5	5	3986.37
6	6	3611.63
7	7	3326.78
8	8	3136.59
9	9	3078.26
10	10	3190.42
11	11	3442.31
12	12	3792.19
13	13	4227.31
14	14	4748.28
15	15	5293.48
16	16	5559.85
17	17	5306.52
18	18	4760.66
19	19	4234.22
20	20	3797.34
21	21	3444.39
22	22	3190.67
23	23	3140.35
24	24	3242.58
25	25	3334.95
26	26	3391.89
27	27	3409.46
28	28	3574.53
29	29	3947.08
30	30	4399.34
31	31	4941.7
32	32	5496.94
33	33	5742.92
34	34	5460.53
35	35	4905.61
36	36	4376.28
37	37	3925.33
38	38	3556.89
39	39	3341.46
40	40	3171.4
41	41	3123.43
42	42	3310.1
43	43	3532.81
44	44	3708.66
45	45	3989.89
46	46	4446.39
47	47	4972.13
48	48	5563.34
====================

