"nt"	"nds"
1	5870.010692550695
2	5246.586817215662
3	4686.980034514023
4	4195.360226428995
5	3777.372491158751
6	3445.8926192653103
7	3207.6760537151144
8	3065.5138295699076
9	3091.0160149609037
10	3289.8301105154997
11	3594.797962508639
12	3989.5811156495447
13	4465.036351241405
14	5031.516240377182
15	5555.453110467709
16	5564.244316660109
17	5048.790616397705
18	4472.534449407213
19	3995.905742798841
20	3598.772830610117
21	3289.9980362320302
22	3091.333683260205
23	3189.3593171715515
24	3295.7967567704995
25	3374.1031404659902
26	3409.680671274987
27	3409.2383142847807
28	3739.8197628789476
29	4154.335974354738
30	4644.350527573001
31	5239.040659806185
32	5754.837551504695
33	5731.008179590187
34	5190.052270201914
35	4621.162949424142
36	4131.402050934974
37	3719.2520616247725
38	3394.526682242952
39	3288.4018698067284
40	3054.3974635695513
41	3192.4556942631693
42	3427.741830963232
43	3637.8685834275425
44	3779.4473590516645
45	4200.342037146414
46	4692.4393453092025
47	5251.829468764639
48	5874.855491400134
