"nt"	"nds"
1	3353.528589699584
2	3280.030901818551
3	3287.480460051924
4	3369.028894735641
5	3522.883275250173
6	3762.6714749444695
7	4023.1751440419466
8	4158.493811976263
9	4545.074299458102
10	4999.467022885683
11	5538.445449353852
12	6024.529841478679
13	6022.266974142017
14	5533.565560091468
15	4996.937619663191
16	4542.263917949388
17	4155.269118801535
18	4014.853598679184
19	3752.9060527053753
20	3518.056617117893
21	3362.9647838851524
22	3279.468773709219
23	3268.903953787644
24	3338.830075228181
25	3482.822741215589
26	3729.7219029699486
27	4029.0740918635147
28	4345.071317634029
29	4652.102031223469
30	4931.734108913663
31	5170.3862238847305
32	5358.264470901701
33	5488.355325900967
34	5556.1189452385925
35	5559.325089481444
36	5497.917079615003
37	5374.012459208848
38	5191.968513202637
39	4958.716275495593
40	4683.937686926396
41	4381.12765249369
42	4068.6101863244835
43	3771.908963921048
