Gaussian Denoiser Window Size: 2
Predicted sites number: 4
Predicted nucleotides number: 5

Site#1:
1
3
Site#2:
13
Site#3:
23
Site#4:
35

extremaRank	extremaLoc	extremaNt	extremaNDS_gd
1	23	23	3274.19
2	3	3	3283.76
3	1	1	3353.53
4	35	35	5557.72
5	13	13	6023.4

Gaussian Denoised Signal:
1	1	3353.53
2	2	3316.78
3	3	3283.76
4	4	3328.25
5	5	3445.96
6	6	3642.78
7	7	3892.92
8	8	4090.83
9	9	4351.78
10	10	4772.27
11	11	5268.96
12	12	5781.49
13	13	6023.4
14	14	5777.92
15	15	5265.25
16	16	4769.6
17	17	4348.77
18	18	4085.06
19	19	3883.88
20	20	3635.48
21	21	3440.51
22	22	3321.22
23	23	3274.19
24	24	3303.87
25	25	3410.83
26	26	3606.27
27	27	3879.4
28	28	4187.07
29	29	4498.59
30	30	4791.92
31	31	5051.06
32	32	5264.33
33	33	5423.31
34	34	5522.24
35	35	5557.72
36	36	5528.62
37	37	5435.96
38	38	5282.99
39	39	5075.34
40	40	4821.33
41	41	4532.53
42	42	4224.87
43	43	3920.26
====================

