"nt"	"nds"
1	2755.56175090886
2	2389.4593765334457
3	2082.346642146606
4	1837.4677406059266
5	1659.7704919218409
6	1680.5698314542049
7	1663.8892645292324
8	1598.64341009787
9	1525.0346238656352
10	1613.766637618847
11	1770.1008448707535
12	1989.6364230624015
13	2270.7804082392036
14	2662.4871371551408
15	2879.8751023696373
16	2662.487137155141
17	2270.7804082392036
18	1989.636423062401
19	1770.1008448707528
20	1613.766637618847
21	1525.034623865635
22	1598.6434100978695
23	1663.8892645292322
24	1680.5698314542046
25	1659.7704919218406
26	1837.4677406059268
27	2082.3466421466055
28	2389.4593765334457
29	2755.5617509088606
