"nt"	"nds"
1	34161.33809582715
2	33200.799919070145
3	31812.621918501856
4	30515.20823148223
5	29309.126375259002
6	28203.673411450967
7	27221.366434768595
8	27136.844744965565
9	28170.69374496329
10	28170.02985140108
11	27115.103073671817
12	27178.07275537695
13	28192.64049037233
14	29365.22088221064
15	30687.468373355492
16	32050.555151190172
17	32448.619814691163
18	31608.67371600969
19	30130.39118581435
20	29126.56643814422
21	27945.384650900603
22	26910.08241586916
23	25855.412626124824
24	24814.721125078537
25	24257.224435186345
26	23682.668492441546
27	23188.567121361513
28	22769.8761274555
29	22428.73714441588
30	22510.793215376725
31	22540.053472462267
32	22456.146017912542
33	22256.502031219403
34	21999.939302552008
35	21790.3855509341
36	21783.165488461087
37	21852.335585918707
38	22079.374495789525
39	22225.858308699284
40	22220.91392145931
41	22509.362393723135
42	22868.797108026953
43	23300.81895776719
44	23813.35721630163
45	24183.71384463289
46	24762.365016425098
47	25436.88529093272
48	26103.718972942414
49	26680.267013858404
50	27112.973592354276
51	27383.61075088325
52	28459.439898502853
53	29663.275071920718
54	30977.449291707584
55	32392.140399357704
56	33901.34108979878
57	35237.69843183613
58	36951.36248172161
59	37785.64353733093
60	37165.05699394579
61	35495.54945161581
62	34007.87391922055
63	32497.461852830686
64	31083.6202339613
65	29773.391195048058
66	28578.448702939666
67	27519.192020370218
68	27515.371260785796
69	27474.071378540477
70	27396.515661015386
71	28373.35439843334
72	29487.814607276676
73	30721.29676565534
74	32062.729636470744
75	33504.81606566531
76	35045.005576555064
77	36614.652072054894
78	37062.375185644
79	36105.53603093827
80	34414.212091356465
81	33238.17208590944
82	31794.24073082905
83	30449.521241033224
84	29210.376566161507
85	28087.08193486933
86	27095.61508928716
87	26397.426558434498
88	25404.510978676746
89	24388.282094928418
90	23772.476982686763
91	23254.239105249733
92	22818.026605494153
93	22456.50553986457
94	22168.200645911053
95	22050.118514462458
96	21802.251600369676
97	21731.641218817458
98	21740.171871567767
99	21957.656701612264
100	22223.64970199431
101	22350.619662564823
102	22369.876244088537
103	22709.12794275191
104	23127.554237804667
105	23622.90258725352
106	24199.585811174267
107	24791.842916405185
108	25959.060895703835
109	27031.07254047914
110	28015.93293547756
111	29115.208637962973
112	30315.088310734183
113	31607.425708771356
114	32991.39993996082
115	33558.21843790698
116	34731.33428932481
117	36250.805323672736
118	37839.72481604045
119	39245.02323132436
120	40263.734457351144
121	40757.384901081234
122	40658.71205865204
123	39974.821046282115
124	38788.91557677156
125	37261.93265271257
