"nt"	"nds"
1	34266.75562243494
2	33297.8998370633
3	31906.576843689752
4	30608.06891229962
5	29403.128462258126
6	28301.564134941193
7	27325.747818156222
8	27243.306970886057
9	28273.192833928628
10	28275.54466212261
11	27226.658785741045
12	27292.518154110192
13	28300.94197753221
14	29468.066593658
15	30702.16808300232
16	32156.282328424983
17	32986.72564825967
18	32748.805904685356
19	31575.517011383945
20	30114.30771268233
21	29231.45455233182
22	28056.138902760074
23	27027.715949453162
24	25986.94699452365
25	24947.3441093353
26	24385.899289672157
27	23822.743487998938
28	23340.614306752912
29	22934.3275926414
30	22605.969736444753
31	22692.39612648214
32	22730.310483600304
33	22657.308386552973
34	22468.54507291122
35	22220.8514028745
36	22016.727586288704
37	22023.273000256322
38	22106.30442405715
39	22342.163174828533
40	22500.35592763028
41	22503.668660872223
42	22806.171023771458
43	23179.67002992943
44	23625.774308482833
45	24152.3226873887
46	24527.274716369913
47	25114.202210908203
48	25799.264211086323
49	26477.398388525537
50	27064.541411301274
51	27505.7811625276
52	27782.08568316187
53	28870.86592508586
54	30087.858258879536
55	31415.490045349172
56	32843.88208643321
57	34367.03574814156
58	35713.917567666474
59	37442.87473204222
60	38285.48923020675
61	37660.49121976043
62	35976.63965410876
63	34475.57444344246
64	32951.25982577277
65	31523.781760003832
66	30200.223944275633
67	28992.272212380118
68	27920.332787838335
69	27916.52493033913
70	27875.88746749218
71	27799.386786336156
72	28789.331202051166
73	29917.305343411233
74	31164.47262474561
75	32519.90420874066
76	33976.14406335744
77	35530.31940256685
78	37114.52113926764
79	37566.40509979516
80	36600.58455758534
81	34893.59929362694
82	33707.1155377377
83	32248.932194592588
84	30890.075004678816
85	29637.113823863743
86	28500.22145624828
87	27495.47203583053
88	26785.161140940967
89	25773.868410051713
90	24739.095435139207
91	24111.931467399194
92	23579.69167247046
93	23129.436712461393
94	22753.844184725203
95	22451.52707960708
96	22320.564238149647
97	22057.165509488244
98	21972.71772256885
99	21967.531465160304
100	22178.185483110934
101	22430.385163327275
102	22541.350539703057
103	22549.072024522164
104	22875.60307387632
105	23281.71242504098
106	23765.108968743363
107	24330.344853340775
108	24917.018694293583
109	26068.388145130415
110	27126.34407122766
111	28105.733772446467
112	29202.03956045962
113	30401.154076001472
114	31694.676501981
115	33081.77709408765
116	33644.40391130991
117	34817.16985687863
118	36340.65529403204
119	37937.313903961985
120	39352.4029070917
121	40381.2131683167
122	40883.44447262813
123	40790.37122523583
124	40108.04995606488
125	38919.33317541822
126	37385.712175917026
