"nt"	"nds"
1	34373.26667809044
2	33396.724673141216
3	32002.977215072176
4	30703.908106564373
5	29500.68876581074
6	28403.3452921259
7	27434.25343362762
8	27354.030790646546
9	28379.496327206303
10	28384.943323078773
11	27342.244063103994
12	27410.987099142483
13	28413.24973807499
14	29574.99971211169
15	30733.601277702466
16	32215.90397585834
17	33323.32576704762
18	33578.85785392242
19	32883.23576899157
20	31532.739702832067
21	30125.567715980967
22	29340.25958316938
23	28170.764983646146
24	27149.29922389668
25	26122.625134990158
26	25084.659196897752
27	24519.648817396825
28	23967.935316987638
29	23497.744847630245
30	23103.806564792605
31	22788.1695373536
32	22878.892869260726
33	22925.343973050218
34	22863.171847020763
35	22685.27783684419
36	22446.477983358123
37	22247.846065207865
38	22268.12397324566
39	22365.001789275604
40	22609.612160998706
41	22779.502747905302
42	22791.106800297614
43	23107.64282390643
44	23495.207124723514
45	23955.335525089507
46	24495.90150311708
47	24875.39459006335
48	25470.50928335517
49	26166.12417594333
50	26855.51707132857
51	27453.189189052075
52	27903.02271953076
53	28185.07962039792
54	29286.74634776396
55	30516.918516897375
56	31857.98410483515
57	33300.08402695626
58	34837.16213845429
59	36194.52594254405
60	37938.64966770065
61	38789.869469395664
62	38160.348337504016
63	36462.110385759544
64	34947.84090152017
65	33409.618330430145
66	31968.41465235686
67	30631.622619547332
68	29410.65427522239
69	28325.95787056017
70	28322.319314788307
71	28282.275174586233
72	28206.874699826767
73	29209.994533631118
74	30351.459674713147
75	31612.478793238384
76	32981.827468082774
77	34452.444577324866
78	36020.32114982329
79	37619.214049364164
80	38075.4099564289
81	37100.6245649609
82	35377.960161981115
83	34180.90276978331
84	32708.45631060399
85	31335.480489002373
86	30068.611843692142
87	28918.127819249643
88	27899.92945203177
89	27177.64424413287
90	26148.013555245252
91	25094.62512434744
92	24456.074439016415
93	23909.82364900993
94	23445.565157373545
95	23055.925218002285
96	22739.593574666902
97	22595.78815751433
98	22316.864255413828
99	22218.616279048445
100	22199.738808872175
101	22403.620937324493
102	22642.062590361875
103	22737.07491771778
104	22733.253716641808
105	23047.114929028812
106	23440.871249237145
107	23912.356533091046
108	24466.217194358745
109	25047.22377030701
110	26182.574967803834
111	27226.20304985974
112	28199.84580700931
113	29292.662183627603
114	30490.606366046013
115	31784.90416892911
116	33174.56104548717
117	33733.23529769322
118	34905.73395304398
119	36432.876151139666
120	38036.67243668827
121	39460.986531687005
122	40499.232905967554
123	41009.528957278795
124	40921.610086355206
125	40240.611276546035
126	39048.99882856962
127	37508.914519058984
