Gaussian Denoiser Window Size: 2
Predicted sites number: 13
Predicted nucleotides number: 14

Site#1:
1
Site#2:
8
Site#3:
11
Site#4:
14
Site#5:
20
Site#6:
33
35
Site#7:
39
Site#8:
63
Site#9:
73
Site#10:
81
Site#11:
101
Site#12:
125
Site#13:
128

extremaRank	extremaLoc	extremaNt	extremaNDS_gd
1	101	101	22220.18
2	39	39	22269.38
3	33	33	22794.32
4	35	35	22873.55
5	14	14	26965.79
6	8	8	27000.22
7	73	73	28423.52
8	11	11	28814.78
9	20	20	32978.85
10	1	1	34005.57
11	128	128	37949.64
12	81	81	38126.95
13	63	63	38752.24
14	125	125	40629.9

Gaussian Denoised Signal:
1	1	34005.57
2	2	33508.15
3	3	32308.88
4	4	30953.02
5	5	29694.35
6	6	28541.67
7	7	27518.81
8	8	27000.22
9	9	27423.87
10	10	28351.76
11	11	28814.78
12	12	28346.15
13	13	27404.24
14	14	26965.79
15	15	27482.03
16	16	28539.22
17	17	29705.04
18	18	31042.72
19	19	32329.84
20	20	32978.85
21	21	32719.45
22	22	31670.7
23	23	30292.84
24	24	29222
25	25	28272.18
26	26	27203.44
27	27	26007.93
28	28	24870.37
29	29	24163.13
30	30	23662.21
31	31	23240.85
32	32	22897.55
33	33	22794.32
34	34	22871.15
35	35	22873.55
36	36	22763.59
37	37	22563.47
38	38	22350.02
39	39	22269.38
40	40	22341.52
41	41	22523.94
42	42	22741.76
43	43	22841.9
44	44	23016.61
45	45	23382.64
46	46	23820.49
47	47	24334.84
48	48	24804.57
49	49	25299.13
50	50	25954.52
51	51	26658.22
52	52	27312.58
53	53	27845.48
54	54	28217.96
55	55	28918.95
56	56	30098.25
57	57	31397.57
58	58	32803.11
59	59	34306.85
60	60	35766.99
61	61	37331.21
62	62	38640.39
63	63	38752.24
64	64	37578.13
65	65	35957.94
66	66	34418.06
67	67	32914.28
68	68	31511.46
69	69	30219.07
70	70	29053.09
71	71	28502.33
72	72	28480.58
73	73	28423.52
74	74	28894.46
75	75	29980.08
76	76	31194.94
77	77	32524.14
78	78	33958.43
79	79	35491.83
80	80	37089.56
81	81	38126.95
82	82	37865.81
83	83	36504.9
84	84	35031.56
85	85	33683.9
86	86	32246.73
87	87	30912.61
88	88	29689.97
89	89	28592.02
90	90	27709.07
91	91	26817.89
92	92	25757.8
93	93	24896.91
94	94	24291.93
95	95	23772.63
96	96	23331.62
97	97	22964.61
98	98	22720.94
99	99	22495.42
100	100	22292.4
101	101	22220.18
102	102	22302.24
103	103	22513
104	104	22665.05
105	105	22697.45
106	106	22841.05
107	107	23182.72
108	108	23603.45
109	109	24104.23
110	110	24620.81
111	111	25365.96
112	112	26347.48
113	113	27309.13
114	114	28333.15
115	115	29477.96
116	116	30728.94
117	117	32078.69
118	118	33055.85
119	119	33921.66
120	120	35276.88
121	121	36851.54
122	122	38377.19
123	123	39621.15
124	124	40407.89
125	125	40629.9
126	126	40252.92
127	127	39319.25
128	128	37949.64
====================

