"nt"	"nds"
1	34005.566918628596
2	33010.74239243266
3	31607.026489782926
4	30299.019975470645
5	29089.678910200204
6	27993.65787714135
7	27043.970549692156
8	26956.46743346217
9	27891.26939714482
10	28812.250276739866
11	28817.306550395588
12	27874.99582236353
13	26933.490805718902
14	26998.086681900233
15	27965.964060920647
16	29112.479133170556
17	30297.600618851062
18	31787.84085372291
19	32871.83096574988
20	33085.87804549527
21	32353.01478888237
22	30988.37624874081
23	29597.30916364246
24	28846.693408133866
25	27697.674248427804
26	26709.19944586234
27	25306.654331361864
28	24434.08253398523
29	23892.17554102399
30	23432.24652938436
31	23049.452612844958
32	22745.646157109146
33	22842.987737912215
34	22899.312823527074
35	22847.79622001897
36	22679.38908172325
37	22447.54399032615
38	22252.500799981666
39	22286.263126986254
40	22396.7866067561
41	22651.084851126438
42	22832.43349623261
43	22851.364534615786
44	23181.86465600625
45	23583.41169609999
46	24057.569779509224
47	24612.102084312068
48	24997.04120507379
49	25601.213314736648
50	26307.818127042377
51	27008.61238965617
52	27616.54732276407
53	28074.41832975111
54	28361.500689024982
55	29476.404491973037
56	30720.097978802893
57	32075.03822139743
58	33531.17524715088
59	35082.51626699296
60	36451.45771408087
61	38210.96746542589
62	39069.8208646274
63	38434.656196829426
64	36721.61120946854
65	35194.273530031765
66	33641.847838858615
67	32186.712152313277
68	30836.20390555586
69	29601.931353705757
70	28504.251717186067
71	28500.411857616582
72	28460.748076907224
73	28386.287382629194
74	29402.625142121557
75	30557.530180133832
76	31832.358199599483
77	33215.91707341628
78	34700.948235561285
79	36282.702985238146
80	37896.416916225455
81	38357.4838355419
82	37374.14462370799
83	35635.65890573642
84	34427.466840629924
85	32940.3423068689
86	31553.122080006793
87	30272.095031524048
88	29107.843463994486
89	28076.20637609151
90	27341.925792005302
91	26293.846176643907
92	25221.74707243715
93	24572.070415121754
94	24011.797007512174
95	23533.460890897648
96	23129.779409235158
97	22799.434308776217
98	22642.44155411563
99	22348.395205209803
100	22236.412322927892
101	22203.94806911561
102	22400.538693438688
103	22625.462326729314
104	22704.638459862046
105	22690.26909663439
106	22991.82465307282
107	23373.610951067203
108	23833.284171424224
109	24375.177673031052
110	24866.44956669974
111	25865.47510497125
112	26829.491547015088
113	27788.77800970294
114	28877.526606615775
115	30078.394097401942
116	31379.493892796818
117	32777.87785554642
118	33333.8301365643
119	34509.49933895618
120	36044.26772014575
121	37658.81446139264
122	39095.5694656283
123	40146.732744075984
124	40669.05435761617
125	40590.73783656096
126	39915.10905762938
127	38723.38185518117
128	37175.89957757562
