"nt"	"nds"
1	33972.903802978544
2	32981.87162245943
3	31587.022650076196
4	30280.059149608383
5	29061.56226571917
6	27941.079292826795
7	26941.14369615262
8	26855.34746001811
9	27903.253809871396
10	27900.41522529591
11	26830.466348258262
12	26891.306525191878
13	27922.793973386684
14	29109.852403577068
15	30538.14377368913
16	31692.952808999176
17	31443.983878482868
18	30037.625978109136
19	28873.432112243405
20	27677.894752492128
21	26625.297829489853
22	25537.32085627636
23	24478.74684356629
24	23918.992086254344
25	23319.205452427355
26	22799.232909990315
27	22354.08211877615
28	21986.062694382188
29	22056.782679274205
30	22066.71077831908
31	21959.8761218953
32	21738.37536973544
33	21464.98390614341
34	21246.269522712828
35	21210.957894559186
36	21251.915834305317
37	21459.62831727112
38	21582.48113444513
39	21562.204941030137
40	21822.2606408371
41	22153.321093385763
42	22557.049651927486
43	23041.39430960167
44	23400.8253531977
45	23961.62689159772
46	24614.211099302258
47	25258.120506994845
48	25813.731834525875
49	26229.899219293104
50	26490.162101327674
51	27539.60011644687
52	28716.416475398768
53	30003.143680764435
54	31389.835065922984
55	32870.574857455256
56	34184.711441140134
57	35867.66047273289
58	36685.819546059385
59	36075.856954181
60	34435.8855904666
61	32974.305955565665
62	31492.450289118005
63	30106.44028875851
64	28823.56032358121
65	27655.357534845225
66	26622.13804643213
67	26618.96346531786
68	26577.389158704726
69	26498.562105405465
70	27450.083139759852
71	28538.676741768155
72	29745.62406538395
73	31059.8617128889
74	32474.267445637848
75	33986.21289599818
76	35528.06338349043
77	35969.44489485396
78	35032.14805934104
79	33371.837662391335
80	32214.658839788746
81	30798.424348732304
82	29480.890360179776
83	28268.521129430814
84	27171.488587715434
85	26205.75725867161
86	25533.61241092219
87	24577.86304583154
88	23597.48129301655
89	23001.67178157995
90	22511.69214345112
91	22103.83537953879
92	21770.70521091144
93	21510.81448238433
94	21420.593394755993
95	21202.58960926779
96	21160.200055114772
97	21196.825660799997
98	21431.40722670624
99	21727.3189863036
100	21886.34493104102
101	21926.350363811434
102	22292.418392709296
103	22737.204724873856
104	23258.28747013524
105	23859.983832413724
106	24458.165778940052
107	25651.52488283174
108	26759.884417986377
109	27761.654826691738
110	28875.36713471367
111	30087.286768810303
112	31389.045610233206
113	32779.52720459926
114	33394.239218132636
115	34628.67674520553
116	36181.91823754053
117	37739.46173196788
118	39024.26562547685
119	39827.1506696551
120	40023.07554929373
121	39577.73039364087
122	38551.489707324174
123	37100.63963074724
