Gaussian Denoiser Window Size: 2
Predicted sites number: 11
Predicted nucleotides number: 14

Site#1:
1
Site#2:
8
10
12
Site#3:
17
Site#4:
29
30
Site#5:
35
Site#6:
59
Site#7:
69
Site#8:
77
Site#9:
97
Site#10:
120
Site#11:
123

extremaRank	extremaLoc	extremaNt	extremaNDS_gd
1	97	97	21178.51
2	35	35	21228.61
3	29	29	22021.42
4	30	30	22061.75
5	69	69	26537.98
6	12	12	26860.89
7	8	8	26898.25
8	10	10	27901.83
9	17	17	31568.47
10	1	1	33972.9
11	77	77	35748.75
12	59	59	36380.84
13	123	123	37826.06
14	120	120	39925.11

Gaussian Denoised Signal:
1	1	33972.9
2	2	33477.39
3	3	32284.45
4	4	30933.54
5	5	29670.81
6	6	28501.32
7	7	27441.11
8	8	26898.25
9	9	27379.3
10	10	27901.83
11	11	27365.44
12	12	26860.89
13	13	27407.05
14	14	28516.32
15	15	29824
16	16	31115.55
17	17	31568.47
18	18	30740.8
19	19	29455.53
20	20	28275.66
21	21	27151.6
22	22	26081.31
23	23	25008.03
24	24	24198.87
25	25	23619.1
26	26	23059.22
27	27	22576.66
28	28	22170.07
29	29	22021.42
30	30	22061.75
31	31	22013.29
32	32	21849.13
33	33	21601.68
34	34	21355.63
35	35	21228.61
36	36	21231.44
37	37	21355.77
38	38	21521.05
39	39	21572.34
40	40	21692.23
41	41	21987.79
42	42	22355.19
43	43	22799.22
44	44	23221.11
45	45	23681.23
46	46	24287.92
47	47	24936.17
48	48	25535.93
49	49	26021.82
50	50	26360.03
51	51	27014.88
52	52	28128.01
53	53	29359.78
54	54	30696.49
55	55	32130.2
56	56	33527.64
57	57	35026.19
58	58	36276.74
59	59	36380.84
60	60	35255.87
61	61	33705.1
62	62	32233.38
63	63	30799.45
64	64	29465
65	65	28239.46
66	66	27138.75
67	67	26620.55
68	68	26598.18
69	69	26537.98
70	70	26974.32
71	71	27994.38
72	72	29142.15
73	73	30402.74
74	74	31767.06
75	75	33230.24
76	76	34757.14
77	77	35748.75
78	78	35500.8
79	79	34201.99
80	80	32793.25
81	81	31506.54
82	82	30139.66
83	83	28874.71
84	84	27720
85	85	26688.62
86	86	25869.68
87	87	25055.74
88	88	24087.67
89	89	23299.58
90	90	22756.68
91	91	22307.76
92	92	21937.27
93	93	21640.76
94	94	21465.7
95	95	21311.59
96	96	21181.39
97	97	21178.51
98	98	21314.12
99	99	21579.36
100	100	21806.83
101	101	21906.35
102	102	22109.38
103	103	22514.81
104	104	22997.75
105	105	23559.14
106	106	24159.07
107	107	25054.85
108	108	26205.7
109	109	27260.77
110	110	28318.51
111	111	29481.33
112	112	30738.17
113	113	32084.29
114	114	33086.88
115	115	34011.46
116	116	35405.3
117	117	36960.69
118	118	38381.86
119	119	39425.71
120	120	39925.11
121	121	39800.4
122	122	39064.61
123	123	37826.06
====================

