Gaussian Denoiser Window Size: 2
Predicted sites number: 13
Predicted nucleotides number: 14

Site#1:
1
Site#2:
8
Site#3:
11
Site#4:
14
Site#5:
19
Site#6:
31
32
Site#7:
37
Site#8:
61
Site#9:
71
Site#10:
79
Site#11:
99
Site#12:
123
Site#13:
126

extremaRank	extremaLoc	extremaNt	extremaNDS_gd
1	99	99	21924.25
2	37	37	21978.18
3	31	31	22603.9
4	32	32	22670.42
5	14	14	27211.41
6	8	8	27238.73
7	71	71	27799.37
8	11	11	29103.1
9	19	19	31908.92
10	1	1	34281.89
11	79	79	37296.84
12	61	61	37944.27
13	126	126	38197.37
14	123	123	40857.17

Gaussian Denoised Signal:
1	1	34281.89
2	2	33786.27
3	3	32589.97
4	4	31233.98
5	5	29969.96
6	6	28806.13
7	7	27765.8
8	8	27238.73
9	9	27672.2
10	10	28620.2
11	11	29103.1
12	12	28632.08
13	13	27664.75
14	14	27211.41
15	15	27748.87
16	16	28846.98
17	17	30168.19
18	18	31472.65
19	19	31908.92
20	20	31053.05
21	21	29759.44
22	22	28585.57
23	23	27472.87
24	24	26440.05
25	25	25406.9
26	26	24607.86
27	27	24046.5
28	28	23527.44
29	29	23086.18
30	30	22721.3
31	31	22603.9
32	32	22670.42
33	33	22655.69
34	34	22525.58
35	35	22306.27
36	36	22077.95
37	37	21978.18
38	38	22023.88
39	39	22185.11
40	40	22383.69
41	41	22463.8
42	42	22616.13
43	43	22954.64
44	44	23364.9
45	45	23851.65
46	46	24303.82
47	47	24786.98
48	48	25424.66
49	49	26107.21
50	50	26740
51	51	27253.59
52	52	27611.17
53	53	28293.55
54	54	29447.51
55	55	30720.83
56	56	32099.8
57	57	33576.48
58	58	35012.96
59	59	36552.1
60	60	37837.31
61	61	37944.27
62	62	36788.1
63	63	35195.28
64	64	33682.42
65	65	32205.58
66	66	30829.07
67	67	29562.27
68	68	28421.22
69	69	27882.25
70	70	27858.99
71	71	27799.37
72	72	28255.15
73	73	29313.3
74	74	30500.13
75	75	31800.73
76	76	33205.92
77	77	34711.15
78	78	36280.2
79	79	37296.84
80	80	37038.25
81	81	35701.16
82	82	34255.26
83	83	32934.02
84	84	31526.09
85	85	30220.81
86	86	29026.56
87	87	27956.47
88	88	27098.22
89	89	26235.9
90	90	25213
91	91	24384.02
92	92	23805.51
93	93	23313.71
94	94	22900.19
95	95	22560.56
96	96	22342.11
97	97	22144.05
98	98	21970.19
99	99	21924.25
100	100	22024.05
101	101	22251.48
102	102	22430.95
103	103	22491.16
104	104	22658.36
105	105	23022
106	106	23463.64
107	107	23984.28
108	108	24564.04
109	109	25444.55
110	110	26547.68
111	111	27558.33
112	112	28597.98
113	113	29752.97
114	114	31009.11
115	115	32359.32
116	116	33334.26
117	117	34195.95
118	118	35544.28
119	119	37109.7
120	120	38624.96
121	121	39859.19
122	122	40638.58
123	123	40857.17
124	124	40481.97
125	125	39555.46
126	126	38197.37
====================

