"nt"	"nds"
1	34281.88874628481
2	33290.65977374052
3	31889.28715920036
4	30578.680989875545
5	29361.23647402918
6	28251.026454725983
7	27280.582628766482
8	27196.88250522699
9	28147.516718826962
10	29092.873461833347
11	29113.32376667416
12	28150.846174450253
13	27178.6535221325
14	27244.165808040474
15	28253.576621380584
16	29440.379068248636
17	30896.002355834105
18	32049.294864292922
19	31768.541538177084
20	30337.554350446604
21	29181.323475722438
22	27989.823294977792
23	26955.924799791213
24	25924.183970154245
25	24889.607033094522
26	24326.11949779694
27	23766.884163341238
28	23287.986597002342
29	22884.36352087795
30	22558.244616730193
31	22649.561746893894
32	22691.281735797067
33	22620.099600654386
34	22431.069077816675
35	22181.475385648104
36	21974.426522107024
37	21981.93877146853
38	22065.82710682151
39	22304.390597616206
40	22462.997066562315
41	22464.606400569533
42	22767.645622217315
43	23141.631000040685
44	23588.1778805564
45	24115.130606959618
46	24492.50643400551
47	25081.4577956466
48	25767.868236188602
49	26446.548409961924
50	27033.44631163237
51	27473.738792408898
52	27748.598792350665
53	28838.494928273973
54	30056.53045085108
55	31385.130384124037
56	32814.46895920204
57	34338.484364541204
58	35687.43855224854
59	37416.75227352973
60	38257.86770959998
61	37630.67699285815
62	35945.51749349483
63	34445.039528173016
64	32919.805475954534
65	31491.363365562924
66	30166.78572441788
67	28957.75593259053
68	27884.677457546284
69	27879.83214925217
70	27838.14014850142
71	27760.598311956186
72	28749.70400970173
73	29876.901742174774
74	31123.348539348073
75	32478.11023374092
76	33933.726056315114
77	35488.574277548236
78	37071.828379948536
79	37521.849613168
80	36554.64040317241
81	34847.68351085936
82	33662.83449031492
83	32205.21481367888
84	30846.96340899768
85	29594.654824750807
86	28458.46715752613
87	27454.481128695395
88	26741.9526616053
89	25729.85101611833
90	24696.150587681874
91	24071.896804887485
92	23539.12943433232
93	23088.29815852877
94	22712.073835632047
95	22409.05185890926
96	22275.170471920796
97	22012.937830797764
98	21927.4381869019
99	21921.0634066933
100	22127.042928883242
101	22375.926151816602
102	22485.976507424475
103	22496.33818263435
104	22820.38742107152
105	23223.619212248137
106	23703.65801937137
107	24264.910954438063
108	24863.160784920947
109	26025.939928459477
110	27069.42369993275
111	28047.23569180615
112	29148.722042870515
113	30357.226558711365
114	31661.00098111893
115	33057.63410668369
116	33610.87848047789
117	34781.02241754422
118	36307.54700921532
119	37911.848990264334
120	39338.08090119297
121	40380.305702669684
122	40896.85894943246
123	40817.48349306471
124	40146.457417773025
125	38964.466488433674
126	37430.26638639105
