"nt"	"nds"
1	10278.24010636604
2	10593.67656603901
3	10677.18303376959
4	10520.006517800019
5	10137.965343429883
6	9572.125354987305
7	8890.72875022294
8	8191.076848707403
9	7598.9606103528895
10	7259.688428080287
11	6744.314903123431
12	6317.58339942826
13	5973.529247699539
14	5704.508396247826
15	5511.713560108201
16	5402.582313968551
17	5549.3505964666465
18	5744.069030598532
19	5888.373471917575
20	5965.963342427394
21	6376.954369805469
22	6892.6534417447965
23	7499.263797708904
24	8046.723775959143
25	8822.038209500728
26	9381.134689073257
27	9451.810617033469
28	8994.84704221902
29	8220.036629454482
30	7567.741376964247
31	6959.748820270196
32	6440.227741998773
33	6023.535732314306
34	6058.452595683759
35	6090.326366982163
36	6111.49905895183
37	6118.290797103179
38	6110.917246952989
39	6093.930971713162
40	6566.577577030006
41	7152.313501057161
42	7880.6723529198725
43	8501.122951501593
44	8436.553528472501
45	7753.476838490574
46	7095.08473280921
47	6512.788196963901
48	6044.977507617368
49	5951.435629443377
50	5788.18119707977
51	5582.8236824886535
52	5419.62700296379
53	5529.539250488739
54	5722.813969353148
55	5991.534024057177
56	6333.041358422258
57	6606.227254733834
58	6779.76867193676
59	7298.4880277094835
60	7712.12781316788
61	8358.16839439209
62	9083.777995030314
