Gaussian Denoiser Window Size: 2
Predicted sites number: 8
Predicted nucleotides number: 8

Site#1:
9
Site#2:
19
Site#3:
30
Site#4:
34
Site#5:
38
Site#6:
49
Site#7:
59
Site#8:
69

extremaRank	extremaLoc	extremaNt	extremaNDS_gd
1	38	38	7131.06
2	30	30	7137.45
3	59	59	7166.03
4	9	9	7184.9
5	34	34	7298.14
6	69	69	11004.67
7	49	49	12538.73
8	19	19	12789.35

Gaussian Denoised Signal:
1	1	9823.36
2	2	9446.04
3	3	8735.53
4	4	8118
5	5	7605.62
6	6	7379.36
7	7	7357.85
8	8	7284.73
9	9	7184.9
10	10	7300.37
11	11	7679.51
12	12	8148.45
13	13	8697.18
14	14	9320.69
15	15	10017.78
16	16	10706.95
17	17	11478.69
18	18	12291.51
19	19	12789.35
20	20	12782.65
21	21	12274.66
22	22	11459.71
23	23	10694.75
24	24	10010.96
25	25	9313.59
26	26	8689.48
27	27	8139.57
28	28	7668.29
29	29	7285.3
30	30	7137.45
31	31	7186.97
32	32	7242.77
33	33	7283.74
34	34	7298.14
35	35	7282.21
36	36	7239.68
37	37	7182.29
38	38	7131.06
39	39	7278.97
40	40	7664.75
41	41	8140.6
42	42	8697.29
43	43	9332.74
44	44	9933.63
45	45	10605.62
46	46	11423.45
47	47	12127.28
48	48	12530.92
49	49	12538.73
50	50	12148.22
51	51	11450.84
52	52	10630.7
53	53	9948.44
54	54	9340.84
55	55	8705.72
56	56	8149.76
57	57	7675.43
58	58	7292.21
59	59	7166.03
60	60	7253.86
61	61	7333.13
62	62	7376.18
63	63	7382.49
64	64	7606.84
65	65	8120.06
66	66	8737.25
67	67	9445.6
68	68	10276.58
69	69	11004.67
====================

