"nt"	"nds"
1	9823.356364243007
2	9068.731142192104
3	8402.337365420526
4	7833.663380285609
5	7377.580543200021
6	7381.140018387804
7	7334.558347747623
8	7234.896496906771
9	7134.894245792502
10	7465.850407670351
11	7893.162961225086
12	8403.740233018823
13	8990.617719908803
14	9650.758794846919
15	10384.81060400736
16	11029.099018721774
17	11928.280336247668
18	12654.748874560302
19	12923.942255507875
20	12641.36457571021
21	11907.95636400886
22	11011.459070733357
23	10378.050169455797
24	9643.865206982713
25	8983.31421479882
26	8395.64999156789
27	7883.491307221574
28	7453.07895967058
29	7117.526972307001
30	7157.36338122892
31	7216.5727969889995
32	7268.964338804138
33	7298.512501758174
34	7297.763130517487
35	7266.649428431213
36	7212.708571159554
37	7151.867595065844
38	7110.261085152332
39	7447.677299465897
40	7881.825306723182
41	8399.378562411068
42	8995.198583550788
43	9670.27642024507
44	10196.98083331482
45	11014.250849270857
46	11832.643867588278
47	12421.914376138175
48	12639.928973294565
49	12437.538635203095
50	11858.908955243889
51	11042.768877800501
52	10218.622030455123
53	9678.265921551276
54	9003.410244895003
55	8408.024981220786
56	7891.48882886679
57	7459.365118860706
58	7125.0581627430365
59	7206.994862568765
60	7300.721062813332
61	7365.529125955326
62	7386.827116175417
63	7378.161234146653
64	7835.524574918289
65	8404.59548091306
66	9069.903847251768
67	9821.301927619923
68	10731.854468962065
69	11277.488766160262
