"nt"	"nds"
1	4669.842031691612
2	4815.483152519027
3	5026.774386277044
4	5341.503720408207
5	5557.849100078111
6	5976.190712084892
7	6292.021789129375
8	6796.712527716579
9	7365.410692988406
10	8005.426226096771
11	8600.676847487879
12	8607.672191236847
13	8019.785844627575
14	7372.310032570961
15	6803.8584696268035
16	6299.384069094075
17	5991.435463979224
18	5565.369531695334
19	5356.62981722004
20	5033.442699099983
21	4820.169120713122
22	4669.6626396190495
23	4682.346436610661
24	4634.38407181416
25	4550.765008846558
26	4579.633369463593
27	4669.3026741752465
28	4819.537157901354
29	5030.553776914223
30	5302.885254793409
31	5637.850610726705
32	6038.841783969835
33	6660.1209126379745
34	7166.007351579364
35	7775.2259000891045
36	8383.86470864456
37	8427.829959247523
38	7864.877732284714
39	7206.23392205257
40	7028.496152635112
41	6701.32344624265
42	6316.046963824285
43	6022.223027047281
44	5626.128334382014
45	5293.788343628112
46	5022.986097958294
47	4813.1931311430235
48	4664.458719837725
49	4577.449429854629
50	4554.064683883789
