Gaussian Denoiser Window Size: 2
Predicted sites number: 5
Predicted nucleotides number: 5

Site#1:
1
Site#2:
12
Site#3:
26
Site#4:
37
Site#5:
50

extremaRank	extremaLoc	extremaNt	extremaNDS_gd
1	26	26	4565.2
2	50	50	4565.76
3	1	1	4669.84
4	37	37	8405.85
5	12	12	8604.17

Gaussian Denoised Signal:
1	1	4669.84
2	2	4742.66
3	3	4921.13
4	4	5184.14
5	5	5449.68
6	6	5767.02
7	7	6134.11
8	8	6544.37
9	9	7081.06
10	10	7685.42
11	11	8303.05
12	12	8604.17
13	13	8313.73
14	14	7696.05
15	15	7088.08
16	16	6551.62
17	17	6145.41
18	18	5778.4
19	19	5461
20	20	5195.04
21	21	4926.81
22	22	4744.92
23	23	4676
24	24	4658.37
25	25	4592.57
26	26	4565.2
27	27	4624.47
28	28	4744.42
29	29	4925.05
30	30	5166.72
31	31	5470.37
32	32	5838.35
33	33	6349.48
34	34	6913.06
35	35	7470.62
36	36	8079.55
37	37	8405.85
38	38	8146.35
39	39	7535.56
40	40	7117.37
41	41	6864.91
42	42	6508.69
43	43	6169.13
44	44	5824.18
45	45	5459.96
46	46	5158.39
47	47	4918.09
48	48	4738.83
49	49	4620.95
50	50	4565.76
====================

