"nt"	"nds"
1	11577.39229636864
2	11058.816224122784
3	10626.496674364576
4	10273.808812427886
5	9998.818484669468
6	9804.543951837333
7	9700.89056932256
8	9857.692769083038
9	10109.511516388058
10	10394.794792625535
11	10667.303653567958
12	10894.3115254561
13	11055.917177461048
14	11144.409257762461
15	11165.055541573634
16	11138.549882042647
17	11106.153176900585
18	11580.418312477346
19	12141.798584254171
20	12778.544852969102
21	13484.760608573662
22	14257.210677860368
23	15094.091172560838
24	15994.5602786554
25	16958.708966274527
26	17969.704339428674
27	18940.881512890996
28	18954.962415680413
29	17998.240592728096
30	16972.237249929927
31	16008.510607562994
32	15108.40268831579
33	14271.872890174658
34	13499.689915783893
35	12793.628114007703
36	12156.824616656597
37	11595.05462045938
38	11120.251168152228
39	11175.56169330822
40	11232.642155743857
41	11259.176547829666
42	11236.009156311906
43	11153.720828123613
44	11011.011748867475
45	10813.473183058586
46	10573.59211269186
47	10310.899310252242
48	10052.723931174893
49	9834.50292831306
50	9700.746965209628
51	9804.787470831036
52	9999.048003161706
53	10273.226410042344
54	10624.186935172183
55	11053.474924523349
56	11568.537607106498
57	11859.644720105016
58	12382.589917275502
59	13060.76103192341
60	13824.279038950908
61	14611.841536487527
62	15372.362313104828
63	16064.159220848662
64	16654.17035650975
65	17117.262121297274
66	17435.10037212578
67	17595.79117595192
68	17593.67637556541
69	17428.848815574678
70	17107.57348568532
71	16642.04662566723
72	16050.995593113963
73	15360.116321836222
74	14602.734737310955
75	13820.791111981722
76	13065.464865468268
77	12397.652725021979
