"nt"	"nds"
1	139858.77749944205
2	138340.82681240444
3	137605.53765059134
4	137715.78341773205
5	138653.56672033257
6	140324.27844098548
7	138112.0833559303
8	136078.25800708125
9	134198.48740924848
10	132458.65674103022
11	131581.39506574912
12	130127.90256065803
13	128493.88855735326
14	127431.85562852623
15	126188.38989338592
16	125054.78456426093
17	124026.26875299684
18	123102.2916527559
19	122284.91366238211
20	121578.2785399681
21	120988.8342794576
22	120526.04415176563
23	120204.30809011059
24	120048.15939575719
25	120222.06980053119
26	120553.59812944193
27	121010.87936955229
28	121551.84753050587
29	122705.94216365418
30	124196.99449380653
31	126016.3097759607
32	127904.0311237371
33	130268.9881163729
34	130635.63920658724
35	128586.91147418063
36	126310.1241750967
37	125549.66770841485
38	124465.64787459995
39	122974.26158451798
40	121827.5373688459
41	122161.59658104603
42	122714.89208312932
43	123989.49627471653
44	125606.94166711935
45	127548.26867381437
46	129795.14575057148
47	132327.60449601908
48	133180.33047396597
49	134691.5724117788
50	136501.30574681412
51	138198.07017239401
52	139417.22159492093
53	142814.43255925344
54	146030.3276293626
55	149755.14340071744
56	150208.49738063797
57	146942.9802192408
58	143251.3847605923
59	139876.87185408038
60	136902.74368699858
61	132900.67582050446
62	130378.99031735578
63	128147.25374450762
64	126224.23699739826
65	124624.42945032827
66	123355.86069024753
67	122982.5925018212
68	122643.29639279477
69	123959.78572348338
70	125611.31798914749
71	126850.67874916995
72	129008.49435630818
73	131175.35892366787
74	132494.4406956071
75	135216.40428355182
76	138167.51569656553
77	141559.45412927438
78	146475.3979059543
79	149517.45386212223
80	153281.64995133065
81	157203.05163047125
82	161265.25129203504
83	163667.92091749483
84	165503.71626308307
85	169846.2176174397
86	174305.52802034008
87	178875.92899172474
88	183554.19028081078
89	188337.03992752972
90	193019.4033459117
91	197623.15830443634
92	197552.12718948958
93	192887.0234473644
94	188280.15237441924
95	183503.00023722375
96	178831.73577156485
97	174269.99531073341
98	169821.7786076297
99	165494.94974903052
100	161301.41271195907
101	157247.74703532533
102	153336.9798902058
103	149582.13167942245
104	148867.43950276516
105	147654.8053427528
106	146048.52314004008
107	144201.13389965214
108	142296.87856685594
109	140534.15486698566
110	139107.22233595257
111	138187.2147669888
112	135278.38589410423
113	132594.49891860192
114	131483.75035186918
115	129485.44221800784
116	127321.57099986802
117	125811.70156855001
118	124185.70986485586
119	122878.8663866671
120	122971.51037277016
121	122957.40356355679
122	122845.54631409097
123	122672.50802586389
124	123732.37998387357
125	124983.00283356235
126	126402.44335717736
127	127977.2371338456
128	129702.96377648119
129	131593.39238371165
130	133644.40173073302
131	135831.2494851388
132	138148.92592969906
133	140607.17034209313
134	140080.09008343334
135	142421.1109643642
136	144409.92895888965
137	147728.64439526616
138	149737.86292989276
139	148979.1419970648
140	146091.33536891
141	143175.5437702321
142	143112.668586067
143	145604.7280129076
144	143243.50474506346
145	143440.20083239922
146	146193.65535620373
147	149082.62082150587
148	152085.88370625704
149	155191.97384774996
150	158398.62762931135
151	160006.35873553692
152	162259.8204001281
153	164686.70557320246
154	166833.5592181117
155	168352.4838083974
156	169046.42091233202
157	172638.66943201926
158	176322.32010824725
159	179716.45337798106
160	183586.43942417903
161	185677.66634616462
162	189646.9611613788
163	193699.29727022327
164	197833.24271771032
165	202050.92753286625
166	206357.7304416842
167	210761.40016007365
168	215268.7930836954
169	219905.92403147157
170	224664.11201720592
171	229526.3653304701
172	234489.46522424434
173	238935.51029851258
174	244792.41060600843
175	248452.46583231853
176	253724.3327733312
177	259075.46638451496
178	264504.66732872615
179	268064.6526360262
180	273634.3762506217
181	279012.7989411326
182	282224.84183710796
183	282148.64001740457
184	278811.9447026634
185	273384.3254808746
186	267860.36871731916
187	264426.83235129784
188	258995.4580482867
189	253640.30852314644
190	248362.16195300082
191	245787.9201059735
192	241597.50576050457
193	237221.14378338787
194	234338.79991333
195	229368.42406733497
196	224500.4716011053
197	219751.46288411046
198	223850.9441812828
199	226608.9804692761
200	227477.68917205304
201	226261.62783054812
202	223178.74328050867
203	218855.11485050712
204	214224.77182816592
205	210352.08438868177
206	208187.43514940774
207	208299.22469038473
208	210676.76987835363
209	214705.01252792298
210	210188.99251296077
211	205791.52173314747
212	201494.2129234525
213	197284.19867726674
214	193155.61044381777
215	189106.81939830864
216	185139.53799105465
217	182285.775267847
218	178404.1845119975
219	175789.36117221613
220	172109.87708217328
221	168524.9567608446
222	165350.659415523
223	160853.51724536353
224	157966.89801957886
225	154759.73757369144
226	151658.46629006922
227	148665.5054972992
228	145789.44538371437
229	143044.43949134587
230	140436.9993527576
231	137971.6630374424
232	135642.7735036935
233	133444.27238867903
234	131375.06878163145
235	131021.67476275306
236	130530.18980033728
237	129969.12837035702
238	129440.77105206139
239	127727.88112862073
240	126158.52476258711
241	124742.71593328407
242	123494.81395472487
243	122435.23167343458
244	122035.1192100793
245	121425.35585353052
246	120662.12253827382
247	120093.92576632861
248	120242.93919354939
249	120557.10824339824
250	121015.7641281187
251	121604.79704481651
252	122314.47156946792
253	123138.08992390874
254	124071.33772218907
255	125111.85012935178
256	126259.69848445948
257	127519.6294180966
258	128459.31704835258
259	129863.10794462515
260	131252.20971812904
261	132235.50404277898
262	132642.48667888402
263	134414.45437024382
264	136325.58149492522
265	138384.90580682288
266	140606.1508057845
267	143006.9590413035
268	145240.3037313636
269	146157.41469514428
270	148994.51745105744
271	151952.9020158992
272	155159.780667379
273	158602.92172547104
274	162261.92968472277
275	165098.81852509288
276	169612.38621952958
277	171232.45169081964
278	168289.1431650127
279	163739.25344112195
280	160079.72173578877
281	156638.94053375677
282	153439.28101596492
283	152629.61145476374
284	149898.83136763595
285	146795.49097221415
286	144632.99325064168
287	145273.14543623786
288	147762.306440431
289	150573.58357201624
290	153917.1132155073
291	151984.32984167335
292	149215.5487841697
293	146786.322379775
294	147655.53136206814
295	150438.5744689853
296	153550.4921413443
297	153977.17402027512
298	155718.9496688175
299	158472.69889490886
300	161766.08015659614
301	165083.08104480268
302	167939.1499234497
303	169954.20834623364
304	174322.32755774126
305	178868.57340285016
306	183572.46556747655
307	188420.52009774913
308	192627.5454641954
309	197860.47495244857
310	198873.51795974138
311	194644.19583858835
312	189366.8725284181
313	184533.10879135138
314	179846.9320956411
315	175323.56309681156
316	170983.71437899626
317	170089.4506651377
318	167099.61179612516
319	162778.11441973643
320	158265.57431561293
321	154810.7778471409
322	151737.23777440618
323	148997.1282251982
324	149427.472030585
325	152433.40396744316
326	153485.2013029893
327	150523.72324713605
328	151187.9776272656
329	154384.8342101206
330	157857.2384542121
331	161576.27619078747
332	165527.76269380184
333	168624.86894643694
334	173637.18089776172
335	177347.22462755517
336	182030.75854307995
337	186884.3357534309
338	191893.4362412768
339	196516.7097100816
340	201686.8642113581
341	202206.24052324975
342	197578.3283873433
343	192405.88299396468
344	187420.1025208372
345	182592.17123082132
346	177936.2086888572
347	176211.6591422007
348	172886.4760731624
349	169080.43886900885
350	166178.81466583943
351	162268.6308557173
352	158590.95582455178
353	155158.59875113802
354	151989.0198971592
355	152126.7472686823
356	152978.424228897
357	156358.0477164983
358	159961.8031560741
359	163773.17244798923
360	167779.15449523513
361	171967.40105241328
362	176326.1734767844
363	180844.49512243943
364	185511.510649203
365	190321.42057356928
366	195276.48845399742
367	200369.84095957145
368	205582.84665807334
369	210641.85948409178
370	215687.41903503737
371	215668.77690469477
372	210645.69135062344
373	205604.59040812944
374	200412.54335419083
375	195334.1295818833
376	194081.25262020118
377	192251.94486822703
378	190328.0599792335
379	185553.0649289012
380	180914.60633208032
381	176422.0605244536
382	172085.18850548513
383	167915.17717444574
384	163922.24391889863
385	160117.8589029536
386	156512.45435004524
387	153116.82620379495
388	150373.1541308589
389	147479.299730098
390	144625.87283444373
