Gaussian Denoiser Window Size: 2
Predicted sites number: 23
Predicted nucleotides number: 32

Site#1:
4
6
Site#2:
24
Site#3:
34
Site#4:
41
Site#5:
56
Site#6:
68
Site#7:
92
Site#8:
120
121
123
Site#9:
139
Site#10:
142
144
145
Site#11:
183
Site#12:
198
200
Site#13:
207
209
Site#14:
248
Site#15:
277
Site#16:
287
Site#17:
291
Site#18:
294
Site#19:
310
Site#20:
324
326
328
Site#21:
341
Site#22:
355
Site#23:
371

extremaRank	extremaLoc	extremaNt	extremaNDS_gd
1	24	24	120126.23
2	248	248	120168.43
3	41	41	121994.57
4	123	123	122759.03
5	68	68	122812.94
6	120	120	122925.19
7	121	121	122964.46
8	34	34	130452.31
9	4	4	137660.66
10	6	6	139488.92
11	142	142	143144.11
12	145	145	143341.85
13	144	144	144424.12
14	287	287	144953.07
15	294	294	147220.93
16	324	324	149212.3
17	139	139	149358.5
18	56	56	149981.82
19	328	328	150855.85
20	355	355	152057.88
21	291	291	152950.72
22	326	326	152959.3
23	277	277	170422.42
24	92	92	197587.64
25	310	310	198367
26	341	341	201946.55
27	207	207	208243.33
28	209	209	212690.89
29	371	371	215678.1
30	198	198	221801.2
31	200	200	227043.33
32	183	183	282186.74

Gaussian Denoised Signal:
1	1	139858.78
2	2	139099.8
3	3	137973.18
4	4	137660.66
5	5	138184.68
6	6	139488.92
7	7	139218.18
8	8	137095.17
9	9	135138.37
10	10	133328.57
11	11	132020.03
12	12	130854.65
13	13	129310.9
14	14	127962.87
15	15	126810.12
16	16	125621.59
17	17	124540.53
18	18	123564.28
19	19	122693.6
20	20	121931.6
21	21	121283.56
22	22	120757.44
23	23	120365.18
24	24	120126.23
25	25	120135.11
26	26	120387.83
27	27	120782.24
28	28	121281.36
29	29	122128.89
30	30	123451.47
31	31	125106.65
32	32	126960.17
33	33	129086.51
34	34	130452.31
35	35	129611.28
36	36	127448.52
37	37	125929.9
38	38	125007.66
39	39	123719.95
40	40	122400.9
41	41	121994.57
42	42	122438.24
43	43	123352.19
44	44	124798.22
45	45	126577.61
46	46	128671.71
47	47	131061.38
48	48	132753.97
49	49	133935.95
50	50	135596.44
51	51	137349.69
52	52	138807.65
53	53	141115.83
54	54	144422.38
55	55	147892.74
56	56	149981.82
57	57	148575.74
58	58	145097.18
59	59	141564.13
60	60	138389.81
61	61	134901.71
62	62	131639.83
63	63	129263.12
64	64	127185.75
65	65	125424.33
66	66	123990.15
67	67	123169.23
68	68	122812.94
69	69	123301.54
70	70	124785.55
71	71	126231
72	72	127929.59
73	73	130091.93
74	74	131834.9
75	75	133855.42
76	76	136691.96
77	77	139863.48
78	78	144017.43
79	79	147996.43
80	80	151399.55
81	81	155242.35
82	82	159234.15
83	83	162466.59
84	84	164585.82
85	85	167674.97
86	86	172075.87
87	87	176590.73
88	88	181215.06
89	89	185945.62
90	90	190678.22
91	91	195321.28
92	92	197587.64
93	93	195219.58
94	94	190583.59
95	95	185891.58
96	96	181167.37
97	97	176550.87
98	98	172045.89
99	99	167658.36
100	100	163398.18
101	101	159274.58
102	102	155292.36
103	103	151459.56
104	104	149224.79
105	105	148261.12
106	106	146851.66
107	107	145124.83
108	108	143249.01
109	109	141415.52
110	110	139820.69
111	111	138647.22
112	112	136732.8
113	113	133936.44
114	114	132039.12
115	115	130484.6
116	116	128403.51
117	117	126566.64
118	118	124998.71
119	119	123532.29
120	120	122925.19
121	121	122964.46
122	122	122901.47
123	123	122759.03
124	124	123202.44
125	125	124357.69
126	126	125692.72
127	127	127189.84
128	128	128840.1
129	129	130648.18
130	130	132618.9
131	131	134737.83
132	132	136990.09
133	133	139378.05
134	134	140343.63
135	135	141250.6
136	136	143415.52
137	137	146069.29
138	138	148733.25
139	139	149358.5
140	140	147535.24
141	141	144633.44
142	142	143144.11
143	143	144358.7
144	144	144424.12
145	145	143341.85
146	146	144816.93
147	147	147638.14
148	148	150584.25
149	149	153638.93
150	150	156795.3
151	151	159202.49
152	152	161133.09
153	153	163473.26
154	154	165760.13
155	155	167593.02
156	156	168699.45
157	157	170842.55
158	158	174480.49
159	159	178019.39
160	160	181651.45
161	161	184632.05
162	162	187662.31
163	163	191673.13
164	164	195766.27
165	165	199942.09
166	166	204204.33
167	167	208559.57
168	168	213015.1
169	169	217587.36
170	170	222285.02
171	171	227095.24
172	172	232007.92
173	173	236712.49
174	174	241863.96
175	175	246622.44
176	176	251088.4
177	177	256399.9
178	178	261790.07
179	179	266284.66
180	180	270849.51
181	181	276323.59
182	182	280618.82
183	183	282186.74
184	184	280480.29
185	185	276098.14
186	186	270622.35
187	187	266143.6
188	188	261711.15
189	189	256317.88
190	190	251001.24
191	191	247075.04
192	192	243692.71
193	193	239409.32
194	194	235779.97
195	195	231853.61
196	196	226934.45
197	197	222125.97
198	198	221801.2
199	199	225229.96
200	200	227043.33
201	201	226869.66
202	202	224720.19
203	203	221016.93
204	204	216539.94
205	205	212288.43
206	206	209269.76
207	207	208243.33
208	208	209488
209	209	212690.89
210	210	212447
211	211	207990.26
212	212	203642.87
213	213	199389.21
214	214	195219.9
215	215	191131.21
216	216	187123.18
217	217	183712.66
218	218	180344.98
219	219	177096.77
220	220	173949.62
221	221	170317.42
222	222	166937.81
223	223	163102.09
224	224	159410.21
225	225	156363.32
226	226	153209.1
227	227	150161.99
228	228	147227.48
229	229	144416.94
230	230	141740.72
231	231	139204.33
232	232	136807.22
233	233	134543.52
234	234	132409.67
235	235	131198.37
236	236	130775.93
237	237	130249.66
238	238	129704.95
239	239	128584.33
240	240	126943.2
241	241	125450.62
242	242	124118.76
243	243	122965.02
244	244	122235.18
245	245	121730.24
246	246	121043.74
247	247	120378.02
248	248	120168.43
249	249	120400.02
250	250	120786.44
251	251	121310.28
252	252	121959.63
253	253	122726.28
254	254	123604.71
255	255	124591.59
256	256	125685.77
257	257	126889.66
258	258	127989.47
259	259	129161.21
260	260	130557.66
261	261	131743.86
262	262	132439
263	263	133528.47
264	264	135370.02
265	265	137355.24
266	266	139495.53
267	267	141806.55
268	268	144123.63
269	269	145698.86
270	270	147575.97
271	271	150473.71
272	272	153556.34
273	273	156881.35
274	274	160432.43
275	275	163680.37
276	276	167355.6
277	277	170422.42
278	278	169760.8
279	279	166014.2
280	280	161909.49
281	281	158359.33
282	282	155039.11
283	283	153034.45
284	284	151264.22
285	285	148347.16
286	286	145714.24
287	287	144953.07
288	288	146517.73
289	289	149167.95
290	290	152245.35
291	291	152950.72
292	292	150599.94
293	293	148000.94
294	294	147220.93
295	295	149047.05
296	296	151994.53
297	297	153763.83
298	298	154848.06
299	299	157095.82
300	300	160119.39
301	301	163424.58
302	302	166511.12
303	303	168946.68
304	304	172138.27
305	305	176595.45
306	306	181220.52
307	307	185996.49
308	308	190524.03
309	309	195244.01
310	310	198367
311	311	196758.86
312	312	192005.53
313	313	186949.99
314	314	182190.02
315	315	177585.25
316	316	173153.64
317	317	170536.58
318	318	168594.53
319	319	164938.86
320	320	160521.84
321	321	156538.18
322	322	153274.01
323	323	150367.18
324	324	149212.3
325	325	150930.44
326	326	152959.3
327	327	152004.46
328	328	150855.85
329	329	152786.41
330	330	156121.04
331	331	159716.76
332	332	163552.02
333	333	167076.32
334	334	171131.02
335	335	175492.2
336	336	179688.99
337	337	184457.55
338	338	189388.89
339	339	194205.07
340	340	199101.79
341	341	201946.55
342	342	199892.28
343	343	194992.11
344	344	189912.99
345	345	185006.14
346	346	180264.19
347	347	177073.93
348	348	174549.07
349	349	170983.46
350	350	167629.63
351	351	164223.72
352	352	160429.79
353	353	156874.78
354	354	153573.81
355	355	152057.88
356	356	152552.59
357	357	154668.24
358	358	158159.93
359	359	161867.49
360	360	165776.16
361	361	169873.28
362	362	174146.79
363	363	178585.33
364	364	183178
365	365	187916.47
366	366	192798.95
367	367	197823.16
368	368	202976.34
369	369	208112.35
370	370	213164.64
371	371	215678.1
372	372	213157.23
373	373	208125.14
374	374	203008.57
375	375	197873.34
376	376	194707.69
377	377	193166.6
378	378	191290
379	379	187940.56
380	380	183233.84
381	381	178668.33
382	382	174253.62
383	383	170000.18
384	384	165918.71
385	385	162020.05
386	386	158315.16
387	387	154814.64
388	388	151744.99
389	389	148926.23
390	390	146052.59
====================

