"nt"	"nds"
1	143237.58205995336
2	140555.54038045797
3	138228.05473108432
4	136456.64885466394
5	135395.6211703445
6	135130.34536079667
7	135663.51971510306
8	136912.71340031983
9	138735.30410811442
10	140956.98199957714
11	138696.86389599895
12	136623.1886531772
13	134721.53081582725
14	132979.0709576057
15	132082.96533199068
16	130647.79022204992
17	129056.20254583722
18	128035.76028040421
19	126831.40807197453
20	125740.13487602072
21	124755.98799481192
22	123877.6909612841
23	123106.71738313201
24	122446.74122203523
25	121903.81754153044
26	121487.07805541012
27	121210.44570578185
28	121098.12399969954
29	121274.42976504721
30	121621.2876106947
31	122104.70896908747
32	122678.93794863722
33	123847.58696752608
34	125357.63808494352
35	127200.11408898135
36	129098.07999061106
37	131506.56640888646
38	131899.84764292874
39	129836.76139483045
40	127521.44176507155
41	126756.60820012349
42	125655.05577088003
43	124146.21770493813
44	122986.38486632616
45	123351.32085618058
46	123935.51866057873
47	125227.9206228431
48	126866.49724174381
49	128832.4827015583
50	131107.19211246097
51	133670.27784472326
52	134524.9484557978
53	136049.70805410447
54	137881.4616110728
55	139602.73730107307
56	140843.23513757568
57	144279.81194994587
58	147525.2171880761
59	151299.02632189382
60	151768.86443530902
61	148473.15277699984
62	144734.4446712821
63	141321.8764840272
64	138324.61580514006
65	134266.23529265076
66	131715.38250779253
67	129457.52629673974
68	127511.88353011686
69	125892.73386504505
70	124608.34960614433
71	124222.41053065543
72	123871.3696213233
73	125215.82947457423
74	126897.6472064865
75	128145.53797122472
76	130333.55503570201
77	132537.93718092437
78	133886.9942248727
79	136646.90776974946
80	139637.62300760293
81	143061.70744713274
82	148040.8228491099
83	151130.3365515306
84	154939.5698627099
85	158906.98307179823
86	163016.32780732866
87	165444.93946234928
88	167302.7023632585
89	171693.59901575805
90	176201.89713780233
91	180822.17271965393
92	185550.5527407159
93	190384.3479977416
94	195113.7115484646
95	199767.50553323998
96	199698.92820838737
97	194986.57250314183
98	190330.05559517606
99	185502.20800778706
100	180781.4293171852
101	176170.14760116258
102	171673.33467285783
103	167298.32013082667
104	163057.38074055902
105	158957.45731928016
106	155001.1227547131
107	151202.03389048547
108	150481.5009577742
109	149256.42179228834
110	147632.66635565722
111	145763.94372782635
112	143836.4110847355
113	142050.99102005767
114	140603.48053020585
115	139667.65857670223
116	136720.40047098702
117	133999.8140946332
118	132881.29876290017
119	130857.79577254437
120	128658.81200762455
121	127115.03532936446
122	125460.28873188097
123	124126.96234381947
124	124230.01883184807
125	124225.32815518302
126	124121.08637710166
127	123951.28844857618
128	125052.15725227715
129	126345.91212934445
130	127810.1044754393
131	129431.47550595105
132	131204.99118453273
133	133144.26236731367
134	135245.36103668527
135	137483.10420333984
136	139852.50581480807
137	142363.12246242372
138	141827.69530129698
139	144228.1074660515
140	146259.64360181068
141	149636.04400488787
142	151673.78046919362
143	150895.09074877694
144	147952.97458764748
145	144987.89177330202
146	144923.68184298836
147	147461.62310961576
148	145053.9640130768
149	145251.05358423956
150	148057.70545126023
151	151000.6936477144
152	154058.35451556332
153	157219.6252078178
154	160481.82921248674
155	162114.1684480938
156	164402.82115369436
157	166868.61731638826
158	169051.2134062983
159	170596.94412538232
160	171304.3497174123
161	174953.56337057706
162	178694.09413515305
163	182137.01949456806
164	186064.92271947503
165	188189.28727104247
166	192216.4280828195
167	196326.61894885587
168	200518.35689249705
169	204794.24194918235
170	209158.88595997947
171	213620.9295765187
172	218186.88963353226
173	222882.67076900185
174	227699.26230284772
175	232620.38270795398
176	237642.43458078086
177	242142.09890265166
178	248066.45329907982
179	251766.43372202176
180	257097.38088514833
181	262507.71719000797
182	267996.08224221226
183	271597.2808168903
184	277226.8917484878
185	282661.9850568987
186	285905.1922381061
187	285823.2086928945
188	282447.0549470872
189	276959.8507435846
190	271378.51506969
191	267913.1704907484
192	262422.2064881499
193	257007.80186970116
194	251670.4993023585
195	249063.02923505148
196	244822.76394440784
197	240397.8017491056
198	237486.06316644046
199	232456.65409125056
200	227529.75324825803
201	222721.8699941885
202	226870.66960147518
203	229657.95429999245
204	230530.01556434983
205	229290.6740751218
206	226163.29955631087
207	221782.4731262403
208	217095.4320986004
209	213179.74840280964
210	210996.35976577387
211	211118.77556005644
212	213533.59034062273
213	217615.80191193576
214	213041.49431416107
215	208585.83161253837
216	204230.44892649542
217	199962.19029574085
218	195775.49859107204
219	191669.01526690563
220	187644.18087265204
221	184746.5123584969
222	180806.6936551217
223	178153.74072452725
224	174417.38483848385
225	170775.54000004736
226	167546.86621708516
227	162975.06809257375
228	160042.97931247507
229	156780.1746424387
230	153623.94754467325
231	150576.29789014038
232	147646.18495169122
233	144847.91662384593
234	142187.45682922914
235	139669.6746856679
236	137288.8411651994
237	135039.24262011817
238	132919.64350275026
239	132556.6623677351
240	132052.24383581505
241	131476.87212063058
242	130935.44882163078
243	129174.33493513407
244	127558.20502592075
245	126096.93764485464
246	124805.18595505928
247	123703.59782677103
248	123264.85970390565
249	122594.91945222234
250	121766.4806019213
251	121152.36193072888
252	121258.1725359323
253	121528.0726057775
254	121941.84026787145
255	122485.60074377216
256	123150.10753099523
257	123929.03256474556
258	124818.61813805593
259	125816.99800575226
260	126925.2377247634
261	128149.02092658971
262	129097.35505444474
263	130495.4813875065
264	131865.93861450662
265	132821.55349131778
266	133196.3570685553
267	134969.0058244909
268	136894.5509755617
269	138981.13122016797
270	141236.3946560945
271	143661.46422282234
272	145884.75582324743
273	146755.4390904514
274	149591.1997010151
275	152586.81614764003
276	155794.70163428813
277	159241.71286170362
278	162906.9619553949
279	165725.01542864958
280	170274.09997681883
281	171946.4436843886
282	169020.27148051458
283	164434.09147332926
284	160769.35595850658
285	157326.5885975472
286	154127.86339876594
287	153361.91491599218
288	150641.33392889996
289	147501.64832083686
290	145353.75891889998
291	146031.7292826547
292	148517.51789073844
293	151328.7884734705
294	154708.24156348087
295	152809.14599058652
296	150043.4402982245
297	147621.19826338225
298	148528.89879382803
299	151319.16983672025
300	154441.44976521967
301	154813.56168126903
302	156522.75316809228
303	159269.5234349454
304	162581.30607307205
305	165937.86044794144
306	168847.33346255496
307	170921.8147736474
308	175314.74208517803
309	179887.49656469843
310	184620.00579893444
311	189498.02983819516
312	193699.21825113258
313	198995.5525658557
314	200075.68562985878
315	195849.98820473987
316	190507.56657632333
317	185645.28803747028
318	180932.03404319962
319	176383.5602183181
320	172020.8252739231
321	171187.97056142782
322	168225.77885414628
323	163889.79512867154
324	159320.991268134
325	155779.898355329
326	152698.7523430802
327	149954.27408893907
328	150428.95984855146
329	153456.5322190037
330	154595.34928952824
331	151614.95023228708
332	152324.34512402242
333	155559.15539473647
334	159070.68930667968
335	162831.36687663832
336	166826.18997533483
337	169892.08107986458
338	174960.00321455012
339	178771.16159717183
340	183502.9355671688
341	188405.83799663614
342	193465.01195165134
343	198094.01414963166
344	203352.2009688136
345	203951.6533256252
346	199316.22075866704
347	194053.3021790615
348	189018.88935400924
349	184143.11165453974
350	179440.39503478666
351	177749.26338738194
352	174410.96723484976
353	170546.6320361811
354	167561.02523404313
355	163609.02397559636
356	159891.05934819797
357	156421.39412707518
358	153217.92293212345
359	153650.06824982035
360	154374.3258353144
361	157830.69939733393
362	161514.23397503674
363	165406.67656698957
364	169494.18629733523
365	173763.69185413187
366	178203.78771860444
367	182802.7386134246
368	187550.36636409495
369	192440.03694522512
370	197474.2226986023
371	202645.30795099153
372	207935.54344575803
373	213021.32427492205
374	218180.6888933835
375	218247.06626203159
376	213195.7229082749
377	208037.9226912531
378	202769.76802863445
379	197615.37419043077
380	196357.89927516656
381	194501.4745538121
382	192531.12580892415
383	187677.57662004934
384	182959.79481666163
385	178386.87661762311
386	173969.5182245132
387	169718.1745088392
388	165643.52449366273
389	161756.8068671373
390	158069.84324913562
391	154596.09232260307
392	153143.6840495685
393	151161.55633215493
394	148746.65103487432
