Gaussian Denoiser Window Size: 2
Predicted sites number: 24
Predicted nucleotides number: 32

Site#1:
6
Site#2:
10
Site#3:
28
Site#4:
38
Site#5:
45
Site#6:
60
Site#7:
72
Site#8:
96
Site#9:
124
125
127
Site#10:
143
Site#11:
146
148
149
Site#12:
187
Site#13:
202
204
Site#14:
211
213
Site#15:
252
Site#16:
281
Site#17:
291
Site#18:
295
Site#19:
298
Site#20:
314
Site#21:
328
330
332
Site#22:
345
Site#23:
359
Site#24:
375

extremaRank	extremaLoc	extremaNt	extremaNDS_gd
1	28	28	121154.28
2	252	252	121205.27
3	45	45	123168.85
4	127	127	124036.19
5	72	72	124046.89
6	124	124	124178.49
7	125	125	124227.67
8	38	38	131703.21
9	6	6	135262.98
10	10	10	139846.14
11	146	146	144955.79
12	149	149	145152.51
13	291	291	145692.74
14	148	148	146257.79
15	298	298	148075.05
16	328	328	150191.62
17	143	143	151284.44
18	60	60	151533.95
19	332	332	151969.65
20	359	359	153434
21	295	295	153758.69
22	330	330	154025.94
23	281	281	171110.27
24	314	314	199535.62
25	96	96	199733.22
26	345	345	203651.93
27	211	211	211057.57
28	213	213	215574.7
29	375	375	218213.88
30	202	202	224796.27
31	204	204	230093.98
32	187	187	285864.2

Gaussian Denoised Signal:
1	1	143237.58
2	2	141896.56
3	3	139391.8
4	4	137342.35
5	5	135926.14
6	6	135262.98
7	7	135396.93
8	8	136288.12
9	9	137824.01
10	10	139846.14
11	11	139826.92
12	12	137660.03
13	13	135672.36
14	14	133850.3
15	15	132531.02
16	16	131365.38
17	17	129852
18	18	128545.98
19	19	127433.58
20	20	126285.77
21	21	125248.06
22	22	124316.84
23	23	123492.2
24	24	122776.73
25	25	122175.28
26	26	121695.45
27	27	121348.76
28	28	121154.28
29	29	121186.28
30	30	121447.86
31	31	121863
32	32	122391.82
33	33	123263.26
34	34	124602.61
35	35	126278.88
36	36	128149.1
37	37	130302.32
38	38	131703.21
39	39	130868.3
40	40	128679.1
41	41	127139.02
42	42	126205.83
43	43	124900.64
44	44	123566.3
45	45	123168.85
46	46	123643.42
47	47	124581.72
48	48	126047.21
49	49	127849.49
50	50	129969.84
51	51	132388.73
52	52	134097.61
53	53	135287.33
54	54	136965.58
55	55	138742.1
56	56	140222.99
57	57	142561.52
58	58	145902.51
59	59	149412.12
60	60	151533.95
61	61	150121.01
62	62	146603.8
63	63	143028.16
64	64	139823.25
65	65	136295.43
66	66	132990.81
67	67	130586.45
68	68	128484.7
69	69	126702.31
70	70	125250.54
71	71	124415.38
72	72	124046.89
73	73	124543.6
74	74	126056.74
75	75	127521.59
76	76	129239.55
77	77	131435.75
78	78	133212.47
79	79	135266.95
80	80	138142.27
81	81	141349.67
82	82	145551.27
83	83	149585.58
84	84	153034.95
85	85	156923.28
86	86	160961.66
87	87	164230.63
88	88	166373.82
89	89	169498.15
90	90	173947.75
91	91	178512.03
92	92	183186.36
93	93	187967.45
94	94	192749.03
95	95	197440.61
96	96	199733.22
97	97	197342.75
98	98	192658.31
99	99	187916.13
100	100	183141.82
101	101	178475.79
102	102	173921.74
103	103	169485.83
104	104	165177.85
105	105	161007.42
106	106	156979.29
107	107	153101.58
108	108	150841.77
109	109	149868.96
110	110	148444.54
111	111	146698.31
112	112	144800.18
113	113	142943.7
114	114	141327.24
115	115	140135.57
116	116	138194.03
117	117	135360.11
118	118	133440.56
119	119	131869.55
120	120	129758.3
121	121	127886.92
122	122	126287.66
123	123	124793.63
124	124	124178.49
125	125	124227.67
126	126	124173.21
127	127	124036.19
128	128	124501.72
129	129	125699.03
130	130	127078.01
131	131	128620.79
132	132	130318.23
133	133	132174.63
134	134	134194.81
135	135	136364.23
136	136	138667.81
137	137	141107.81
138	138	142095.41
139	139	143027.9
140	140	145243.88
141	141	147947.84
142	142	150654.91
143	143	151284.44
144	144	149424.03
145	145	146470.43
146	146	144955.79
147	147	146192.65
148	148	146257.79
149	149	145152.51
150	150	146654.38
151	151	149529.2
152	152	152529.52
153	153	155638.99
154	154	158850.73
155	155	161298
156	156	163258.49
157	157	165635.72
158	158	167959.92
159	159	169824.08
160	160	170950.65
161	161	173128.96
162	162	176823.83
163	163	180415.56
164	164	184100.97
165	165	187127.1
166	166	190202.86
167	167	194271.52
168	168	198422.49
169	169	202656.3
170	170	206976.56
171	171	211389.91
172	172	215903.91
173	173	220534.78
174	174	225290.97
175	175	230159.82
176	176	235131.41
177	177	239892.27
178	178	245104.28
179	179	249916.44
180	180	254431.91
181	181	259802.55
182	182	265251.9
183	183	269796.68
184	184	274412.09
185	185	279944.44
186	186	284283.59
187	187	285864.2
188	188	284135.13
189	189	279703.45
190	190	274169.18
191	191	269645.84
192	192	265167.69
193	193	259715
194	194	254339.15
195	195	250366.76
196	196	246942.9
197	197	242610.28
198	198	238941.93
199	199	234971.36
200	200	229993.2
201	201	225125.81
202	202	224796.27
203	203	228264.31
204	204	230093.98
205	205	229910.34
206	206	227726.99
207	207	223972.89
208	208	219438.95
209	209	215137.59
210	210	212088.05
211	211	211057.57
212	212	212326.18
213	213	215574.7
214	214	215328.65
215	215	210813.66
216	216	206408.14
217	217	202096.32
218	218	197868.84
219	219	193722.26
220	220	189656.6
221	221	186195.35
222	222	182776.6
223	223	179480.22
224	224	176285.56
225	225	172596.46
226	226	169161.2
227	227	165260.97
228	228	161509.02
229	229	158411.58
230	230	155202.06
231	231	152100.12
232	232	149111.24
233	233	146247.05
234	234	143517.69
235	235	140928.57
236	236	138479.26
237	237	136164.04
238	238	133979.44
239	239	132738.15
240	240	132304.45
241	241	131764.56
242	242	131206.16
243	243	130054.89
244	244	128366.27
245	245	126827.57
246	246	125451.06
247	247	124254.39
248	248	123484.23
249	249	122929.89
250	250	122180.7
251	251	121459.42
252	252	121205.27
253	253	121393.12
254	254	121734.96
255	255	122213.72
256	256	122817.85
257	257	123539.57
258	258	124373.83
259	259	125317.81
260	260	126371.12
261	261	127537.13
262	262	128623.19
263	263	129796.42
264	264	131180.71
265	265	132343.75
266	266	133008.96
267	267	134082.68
268	268	135931.78
269	269	137937.84
270	270	140108.76
271	271	142448.93
272	272	144773.11
273	273	146320.1
274	274	148173.32
275	275	151089.01
276	276	154190.76
277	277	157518.21
278	278	161074.34
279	279	164315.99
280	280	167999.56
281	281	171110.27
282	282	170483.36
283	283	166727.18
284	284	162601.72
285	285	159047.97
286	286	155727.23
287	287	153744.89
288	288	152001.62
289	289	149071.49
290	290	146427.7
291	291	145692.74
292	292	147274.62
293	293	149923.15
294	294	153018.52
295	295	153758.69
296	296	151426.29
297	297	148832.32
298	298	148075.05
299	299	149924.03
300	300	152880.31
301	301	154627.51
302	302	155668.16
303	303	157896.14
304	304	160925.41
305	305	164259.58
306	306	167392.6
307	307	169884.57
308	308	173118.28
309	309	177601.12
310	310	182253.75
311	311	187059.02
312	312	191598.62
313	313	196347.39
314	314	199535.62
315	315	197962.84
316	316	193178.78
317	317	188076.43
318	318	183288.66
319	319	178657.8
320	320	174202.19
321	321	171604.4
322	322	169706.87
323	323	166057.79
324	324	161605.39
325	325	157550.44
326	326	154239.33
327	327	151326.51
328	328	150191.62
329	329	151942.75
330	330	154025.94
331	331	153105.15
332	332	151969.65
333	333	153941.75
334	334	157314.92
335	335	160951.03
336	336	164828.78
337	337	168359.14
338	338	172426.04
339	339	176865.58
340	340	181137.05
341	341	185954.39
342	342	190935.42
343	343	195779.51
344	344	200723.11
345	345	203651.93
346	346	201633.94
347	347	196684.76
348	348	191536.1
349	349	186581
350	350	181791.75
351	351	178594.83
352	352	176080.12
353	353	172478.8
354	354	169053.83
355	355	165585.02
356	356	161750.04
357	357	158156.23
358	358	154819.66
359	359	153434
360	360	154012.2
361	361	156102.51
362	362	159672.47
363	363	163460.46
364	364	167450.43
365	365	171628.94
366	366	175983.74
367	367	180503.26
368	368	185176.55
369	369	189995.2
370	370	194957.13
371	371	200059.77
372	372	205290.43
373	373	210478.43
374	374	215601.01
375	375	218213.88
376	376	215721.39
377	377	210616.82
378	378	205403.85
379	379	200192.57
380	380	196986.64
381	381	195429.69
382	382	193516.3
383	383	190104.35
384	384	185318.69
385	385	180673.34
386	386	176178.2
387	387	171843.85
388	388	167680.85
389	389	163700.17
390	390	159913.33
391	391	156332.97
392	392	153869.89
393	393	152152.62
394	394	149954.1
====================

