"nt"	"nds"
1	139864.44940375417
2	138760.15756469904
3	138436.4228762893
4	138922.02276411024
5	140185.46764279305
6	137987.52137807853
7	135961.5815734241
8	134083.08033244713
9	132339.57646944874
10	131463.84640040903
11	130001.41647434031
12	128354.63403897108
13	127282.271474225
14	126027.33598239136
15	124881.92607704207
16	123841.24174701096
17	122905.01302988306
18	122075.35356714952
19	121356.49655787103
20	120754.92604764889
21	120280.27271206431
22	119946.9188726363
23	119779.55432238887
24	119952.4341241766
25	120279.69503875908
26	120730.11919925235
27	121262.50831236444
28	122412.5771004205
29	123898.53326815182
30	125711.6231894142
31	127596.61199190083
32	129950.27824169102
33	130310.09962006919
34	128265.34535206674
35	125998.63868244569
36	125239.32631683737
37	124159.88493388226
38	122673.22258198822
39	121530.14330043268
40	121856.42706846226
41	122401.95169636047
42	123671.75246144252
43	125283.52656208698
44	127218.48326952053
45	129457.99398053347
46	131982.4152862313
47	132834.6650869324
48	134342.29269596149
49	136146.4487522023
50	137836.77653143497
51	139050.59446973284
52	142437.76530813528
53	145646.31388273352
54	149358.59939802275
55	149807.90902898245
56	146549.99567288219
57	142870.59332400627
58	139505.44625423258
59	136537.46007342325
60	132549.88962676944
61	130035.683973249
62	127810.97147843325
63	125893.8578496318
64	124299.24876390946
65	123035.03903222604
66	122664.94326222266
67	122328.57018588333
68	123637.74169880094
69	125281.50208735662
70	126518.30943160228
71	128668.30647593926
72	130825.52397926894
73	132137.43698484014
74	134849.68604641882
75	137790.65016095425
76	141174.1263644157
77	146074.05217810013
78	149104.59610152783
79	152857.17254425623
80	156766.96520203908
81	160817.35150807418
82	163213.46468669665
83	165043.579307064
84	169374.0964059432
85	173820.94185042454
86	178379.03722944437
87	183044.2484151533
88	187814.54452421571
89	192484.84216084972
90	197076.16753553282
91	197004.93589821242
92	192351.5904249709
93	187757.08943010718
94	182992.43227250807
95	178334.15269801987
96	173784.63727915342
97	169348.7920820344
98	165034.1598186774
99	160852.41911700243
100	156810.41338620544
101	152911.0787638942
102	149167.64154489938
103	148454.4648552414
104	147244.90567894155
105	145643.381099971
106	143801.3992224137
107	141902.96184465053
108	140145.85813390272
109	138724.00979825956
110	137807.94683767788
111	134908.97792708612
112	132234.51876652305
113	131125.98377842194
114	129134.16051903322
115	126979.32877992146
116	125477.85601210807
117	123859.25572673095
118	122559.36547085836
119	122649.69550779804
120	122633.52964260607
121	122520.16694900856
122	122346.78929675042
123	123396.53245361356
124	124636.59458015228
125	126044.93546101009
126	127608.41905914272
127	129322.39743077091
128	131200.58281127294
129	133239.25095229718
130	135413.39651715805
131	137718.31745724432
132	140163.66125549475
133	139638.0729724693
134	141963.8782132178
135	143941.71819540835
136	147245.97870000204
137	149248.3635505671
138	148494.78718731788
139	145620.9950994624
140	142717.30176173348
141	142654.81196813678
142	145135.79763910535
143	142786.30511112566
144	142983.17368320018
145	145723.36285542318
146	148599.11244441514
147	151588.61585490522
148	154681.1974375525
149	157874.1666120351
150	159475.3373780563
151	161720.09390748083
152	164137.28720476298
153	166275.2099992594
154	167787.61978425595
155	168478.45942935892
156	172056.56783724183
157	175726.1781173163
158	179107.94012307667
159	182963.60129170705
160	185046.6252016686
161	189001.53849892796
162	193039.6347552725
163	197159.3064287135
164	201362.41208130814
165	205654.6774463887
166	210043.69348442933
167	214536.6914471775
168	219159.40139366867
169	223902.61778955447
170	228750.2708249908
171	233698.75047040166
172	238131.22337219707
173	243971.19107802096
174	247621.52601455722
175	252878.72843441038
176	258214.84221311772
177	263629.26438294206
178	267179.152084149
179	272733.60543009953
180	278098.2453517565
181	281302.780309192
182	281227.5439874111
183	277901.4444575199
184	272488.6113789017
185	266978.92697545904
186	263553.41923082335
187	258136.39349566313
188	252796.2883464988
189	247532.89885375835
190	244967.3999591248
191	240789.38865643117
192	236425.01929568997
193	233549.79794253287
194	228594.0683075877
195	223740.74270371665
196	219006.65325323207
197	223094.01474902924
198	225844.82505715676
199	226712.97430804808
200	225502.6861414045
201	222431.27438705968
202	218121.80921111017
203	213505.55855175815
204	209643.5485775109
205	207483.4976936564
206	207592.4414004722
207	209960.80184453636
208	213974.80835602173
209	209473.18841041834
210	205090.66677150468
211	200807.70034458424
212	196612.21820910118
213	192497.9123039305
214	188463.37005317307
215	184510.81670983107
216	181668.01242840113
217	177800.8145525639
218	175195.33033188057
219	171529.8946517316
220	167959.19701199443
221	164798.73026799253
222	160320.12349196998
223	157444.44632844938
224	154250.87707067878
225	151163.57951597124
226	148184.01422643138
227	145321.38840961835
228	142589.64596143807
229	139995.21986827042
230	137542.85382837406
231	135226.95736466462
232	133041.0461206029
233	130984.38362654595
234	130633.42710929905
235	130145.21482865338
236	129587.7131431303
237	129062.50954639867
238	127361.36335231786
239	125803.64057846286
240	124399.01770661911
241	123161.84728302222
242	122112.54712161202
243	121722.76925956132
244	121128.33697605385
245	120381.30760947654
246	119823.86549346204
247	119983.97492715983
248	120309.56409865565
249	120779.9116432206
250	121380.7654838175
251	122102.34183542001
252	122937.89685493459
253	123882.94829602237
254	124935.07494185488
255	126094.18979065174
256	127364.77013059036
257	128303.76886653012
258	129710.79307096123
259	131106.4109937297
260	132098.4791253488
261	132514.92515029843
262	134289.818241529
263	136199.94053446062
264	138253.9934660382
265	140466.5085365462
266	142859.99166158814
267	145094.89630730188
268	146022.87077488357
269	148859.90095998684
270	151808.81724995212
271	155015.11230661062
272	158457.02421513392
273	162114.18169688073
274	164955.32406872857
275	169459.8077256151
276	171066.92875758975
277	168119.6419089719
278	163578.96897397828
279	159920.94457795034
280	156480.97947617446
281	153281.39429980514
282	152460.6803434616
283	149727.76247414653
284	146634.35573466687
285	144468.94240404034
286	145099.34891969987
287	147588.55361566425
288	150399.19812687524
289	153732.97465560073
290	151791.82291881405
291	149022.79423773332
292	146592.39026200463
293	147451.6877776643
294	150232.24031152166
295	153340.89366353568
296	153781.3437396055
297	155531.35890778448
298	158286.4713601789
299	161574.9579911819
300	164881.66510772676
301	167724.13455790572
302	169723.55192529742
303	174085.18146785608
304	178624.6033792517
305	183321.11119922524
306	188161.52365236753
307	192369.97630434326
308	197586.6554473419
309	198582.53714183162
310	194352.38743455615
311	189091.62476512656
312	184265.16218680068
313	179586.13369126953
314	175069.05164793666
315	170735.51779563166
316	169825.231966402
317	166828.3839020195
318	162510.82835337665
319	158013.3872024854
320	154581.0596817086
321	151509.84518911672
322	148771.33665123914
323	149190.2576599066
324	152190.04880024152
325	153219.42247454543
326	150263.379706318
327	150915.68097151554
328	154102.28394303875
329	157563.8418464499
330	161271.79959486658
331	165211.68214324667
332	168316.34312873977
333	173314.19936742695
334	176997.86543606318
335	181668.91224342224
336	186509.7506795791
337	191505.6770998671
338	196127.92262107128
339	201275.0918396099
340	201774.00442742108
341	197147.83889357815
342	191998.75569195638
343	187025.2843109109
344	182209.90874935233
345	177566.25220670662
346	175832.87692785347
347	172510.99751532474
348	168720.46550415608
349	165840.71147102787
350	161941.73818521784
351	158274.7644975468
352	154852.82491407092
353	151693.59987402966
354	151819.6887795805
355	152637.2130743165
356	155996.69427463005
357	159579.21249017087
358	163369.3173295075
359	167353.863899488
360	171520.49731564234
361	175858.23264087617
362	180355.39072173616
363	185001.80111807722
364	189790.8741318177
365	194725.5852278607
366	199798.95106818795
367	204992.13538483516
368	210044.2605540243
369	215060.7164395237
370	215020.1299227125
371	210003.94963584607
372	204993.04253168392
373	199820.42627179873
374	194761.61721707744
375	193510.27588012838
376	191687.3299557375
377	189775.55123231694
378	185021.05164853725
379	180403.12889040736
380	175931.49770853727
381	171615.77339759155
382	167466.8977976921
383	163495.59525128742
384	159712.90784734505
385	156129.78161891174
386	152756.14302843518
387	149714.77681869024
388	146740.19714825635
389	143999.460623121
