Gaussian Denoiser Window Size: 2
Predicted sites number: 23
Predicted nucleotides number: 32

Site#1:
3
5
Site#2:
23
Site#3:
33
Site#4:
40
Site#5:
55
Site#6:
67
Site#7:
91
Site#8:
119
120
122
Site#9:
138
Site#10:
141
143
144
Site#11:
182
Site#12:
197
199
Site#13:
206
208
Site#14:
247
Site#15:
276
Site#16:
286
Site#17:
290
Site#18:
293
Site#19:
309
Site#20:
323
325
327
Site#21:
340
Site#22:
354
Site#23:
370

extremaRank	extremaLoc	extremaNt	extremaNDS_gd
1	23	23	119863.24
2	247	247	119903.92
3	40	40	121693.29
4	122	122	122433.48
5	67	67	122496.76
6	119	119	122604.53
7	120	120	122641.61
8	33	33	130130.19
9	3	3	138598.29
10	5	5	139553.75
11	141	141	142686.06
12	144	144	142884.74
13	143	143	143961.05
14	286	286	144784.15
15	293	293	147022.04
16	138	138	148871.58
17	323	323	148980.8
18	55	55	149583.25
19	327	327	150589.53
20	354	354	151756.64
21	325	325	152704.74
22	290	290	152762.4
23	276	276	170263.37
24	91	91	197040.55
25	309	309	198084.6
26	340	340	201524.55
27	206	206	207537.97
28	208	208	211967.81
29	370	370	215040.42
30	197	197	221050.33
31	199	199	226278.9
32	182	182	281265.16

Gaussian Denoised Signal:
1	1	139864.45
2	2	139312.3
3	3	138598.29
4	4	138679.22
5	5	139553.75
6	6	139086.49
7	7	136974.55
8	8	135022.33
9	9	133211.33
10	10	131901.71
11	11	130732.63
12	12	129178.03
13	13	127818.45
14	14	126654.8
15	15	125454.63
16	16	124361.58
17	17	123373.13
18	18	122490.18
19	19	121715.93
20	20	121055.71
21	21	120517.6
22	22	120113.6
23	23	119863.24
24	24	119865.99
25	25	120116.06
26	26	120504.91
27	27	120996.31
28	28	121837.54
29	29	123155.56
30	30	124805.08
31	31	126654.12
32	32	128773.45
33	33	130130.19
34	34	129287.72
35	35	127131.99
36	36	125618.98
37	37	124699.61
38	38	123416.55
39	39	122101.68
40	40	121693.29
41	41	122129.19
42	42	123036.85
43	43	124477.64
44	44	126251
45	45	128338.24
46	46	130720.2
47	47	132408.54
48	48	133588.48
49	49	135244.37
50	50	136991.61
51	51	138443.69
52	52	140744.18
53	53	144042.04
54	54	147502.46
55	55	149583.25
56	56	148178.95
57	57	144710.29
58	58	141188.02
59	59	138021.45
60	60	134543.67
61	61	131292.79
62	62	128923.33
63	63	126852.41
64	64	125096.55
65	65	123667.14
66	66	122849.99
67	67	122496.76
68	68	122983.16
69	69	124459.62
70	70	125899.91
71	71	127593.31
72	72	129746.92
73	73	131481.48
74	74	133493.56
75	75	136320.17
76	76	139482.39
77	77	143624.09
78	78	147589.32
79	79	150980.88
80	80	154812.07
81	81	158792.16
82	82	162015.41
83	83	164128.52
84	84	167208.84
85	85	171597.52
86	86	176099.99
87	87	180711.64
88	88	185429.4
89	89	190149.69
90	90	194780.5
91	91	197040.55
92	92	194678.26
93	93	190054.34
94	94	185374.76
95	95	180663.29
96	96	176059.39
97	97	171566.71
98	98	167191.48
99	99	162943.29
100	100	158831.42
101	101	154860.75
102	102	151039.36
103	103	148811.05
104	104	147849.69
105	105	146444.14
106	106	144722.39
107	107	142852.18
108	108	141024.41
109	109	139434.93
110	110	138265.98
111	111	136358.46
112	112	133571.75
113	113	131680.25
114	114	130130.07
115	115	128056.74
116	116	126228.59
117	117	124668.56
118	118	123209.31
119	119	122604.53
120	120	122641.61
121	121	122576.85
122	122	122433.48
123	123	122871.66
124	124	124016.56
125	125	125340.77
126	126	126826.68
127	127	128465.41
128	128	130261.49
129	129	132219.92
130	130	134326.32
131	131	136565.86
132	132	138940.99
133	133	139900.87
134	134	140800.98
135	135	142952.8
136	136	145593.85
137	137	148247.17
138	138	148871.58
139	139	147057.89
140	140	144169.15
141	141	142686.06
142	142	143895.3
143	143	143961.05
144	144	142884.74
145	145	144353.27
146	146	147161.24
147	147	150093.86
148	148	153134.91
149	149	156277.68
150	150	158674.75
151	151	160597.72
152	152	162928.69
153	153	165206.25
154	154	167031.41
155	155	168133.04
156	156	170267.51
157	157	173891.37
158	158	177417.06
159	159	181035.77
160	160	184005.11
161	161	187024.08
162	162	191020.59
163	163	195099.47
164	164	199260.86
165	165	203508.54
166	166	207849.19
167	167	212290.19
168	168	216848.05
169	169	221531.01
170	170	226326.44
171	171	231224.51
172	172	235914.99
173	173	241051.21
174	174	245796.36
175	175	250250.13
176	176	255546.79
177	177	260922.05
178	178	265404.21
179	179	269956.38
180	180	275415.93
181	181	279700.51
182	182	281265.16
183	183	279564.49
184	184	275195.03
185	185	269733.77
186	186	265266.17
187	187	260844.91
188	188	255466.34
189	189	250164.59
190	190	246250.15
191	191	242878.39
192	192	238607.2
193	193	234987.41
194	194	231071.93
195	195	226167.41
196	196	221373.7
197	197	221050.33
198	198	224469.42
199	199	226278.9
200	200	226107.83
201	201	223966.98
202	202	220276.54
203	203	215813.68
204	204	211574.55
205	205	208563.52
206	206	207537.97
207	207	208776.62
208	208	211967.81
209	209	211724
210	210	207281.93
211	211	202949.18
212	212	198709.96
213	213	194555.07
214	214	190480.64
215	215	186487.09
216	216	183089.41
217	217	179734.41
218	218	176498.07
219	219	173362.61
220	220	169744.55
221	221	166378.96
222	222	162559.43
223	223	158882.28
224	224	155847.66
225	225	152707.23
226	226	149673.8
227	227	146752.7
228	228	143955.52
229	229	141292.43
230	230	138769.04
231	231	136384.91
232	232	134134
233	233	132012.71
234	234	130808.91
235	235	130389.32
236	236	129866.46
237	237	129325.11
238	238	128211.94
239	239	126582.5
240	240	125101.33
241	241	123780.43
242	242	122637.2
243	243	121917.66
244	244	121425.55
245	245	120754.82
246	246	120102.59
247	247	119903.92
248	248	120146.77
249	249	120544.74
250	250	121080.34
251	251	121741.55
252	252	122520.12
253	253	123410.42
254	254	124409.01
255	255	125514.63
256	256	126729.48
257	257	127834.27
258	258	129007.28
259	259	130408.6
260	260	131602.45
261	261	132306.7
262	262	133402.37
263	263	135244.88
264	264	137226.97
265	265	139360.25
266	266	141663.25
267	267	143977.44
268	268	145558.88
269	269	147441.39
270	270	150334.36
271	271	153411.96
272	272	156736.07
273	273	160285.6
274	274	163534.75
275	275	167207.57
276	276	170263.37
277	277	169593.29
278	278	165849.31
279	279	161749.96
280	280	158200.96
281	281	154881.19
282	282	152871.04
283	283	151094.22
284	284	148181.06
285	285	145551.65
286	286	144784.15
287	287	146343.95
288	288	148993.88
289	289	152066.09
290	290	152762.4
291	291	150407.31
292	292	147807.59
293	293	147022.04
294	294	148841.96
295	295	151786.57
296	296	153561.12
297	297	154656.35
298	298	156908.92
299	299	159930.71
300	300	163228.31
301	301	166302.9
302	302	168723.84
303	303	171904.37
304	304	176354.89
305	305	180972.86
306	306	185741.32
307	307	190265.75
308	308	194978.32
309	309	198084.6
310	310	196467.46
311	311	191722.01
312	312	186678.39
313	313	181925.65
314	314	177327.59
315	315	172902.28
316	316	170280.37
317	317	168326.81
318	318	164669.61
319	319	160262.11
320	320	156297.22
321	321	153045.45
322	322	150140.59
323	323	148980.8
324	324	150690.15
325	325	152704.74
326	326	151741.4
327	327	150589.53
328	328	152508.98
329	329	155833.06
330	330	159417.82
331	331	163241.74
332	332	166764.01
333	333	170815.27
334	334	175156.03
335	335	179333.39
336	336	184089.33
337	337	189007.71
338	338	193816.8
339	339	198701.51
340	340	201524.55
341	341	199460.92
342	342	194573.3
343	343	189512.02
344	344	184617.6
345	345	179888.08
346	346	176699.56
347	347	174171.94
348	348	170615.73
349	349	167280.59
350	350	163891.22
351	351	160108.25
352	352	156563.79
353	353	153273.21
354	354	151756.64
355	355	152228.45
356	356	154316.95
357	357	157787.95
358	358	161474.26
359	359	165361.59
360	360	169437.18
361	361	173689.36
362	362	178106.81
363	363	182678.6
364	364	187396.34
365	365	192258.23
366	366	197262.27
367	367	202395.54
368	368	207518.2
369	369	212552.49
370	370	215040.42
371	371	212512.04
372	372	207498.5
373	373	202406.73
374	374	197291.02
375	375	194135.95
376	376	192598.8
377	377	190731.44
378	378	187398.3
379	379	182712.09
380	380	178167.31
381	381	173773.64
382	382	169541.34
383	383	165481.25
384	384	161604.25
385	385	157921.34
386	386	154442.96
387	387	151235.46
388	388	148227.49
389	389	145369.83
====================

