"nt"	"nds"
1	175764.80572873942
2	175385.50532603424
3	172578.15092163306
4	169888.37533004783
5	167311.32554549703
6	164850.31111683557
7	162514.9263040159
8	160021.09968513055
9	156256.82615069757
10	153839.26172498227
11	152084.03975590618
12	150431.5054208979
13	148874.25135215092
14	147412.77736958774
15	147071.74333594955
16	145973.89735131557
17	144406.92601196573
18	143127.03718003668
19	142060.28319166697
20	141089.68873861784
21	140212.7974179271
22	139430.73395550757
23	138746.82249230202
24	138166.28509249218
25	137696.33832165357
26	137347.13187793928
27	137133.5463201956
28	137080.81782156616
29	137388.22646520834
30	137865.87828277997
31	138471.8069971328
32	139153.88105804325
33	140453.56249582613
34	142077.11907602876
35	144014.39012805076
36	145971.05164589995
37	148446.6001928791
38	148860.76018380575
39	146753.11410767728
40	144357.89832172001
41	143559.6236997442
42	142399.32370947496
43	140780.72883916635
44	139493.22591176908
45	139656.88523598592
46	140474.07814510638
47	141887.33626713103
48	143630.96723228344
49	145687.2943466361
50	148037.85877035014
51	150662.94101084623
52	151538.78576627324
53	153088.5220088968
54	154942.13166689294
55	156679.7097803965
56	157930.79412716604
57	161386.8378256134
58	164633.5035362209
59	168413.86622343652
60	168899.90519196325
61	165603.30960629167
62	161847.43996934366
63	158410.852211593
64	155368.80132536934
65	151253.12390851713
66	148637.57972807364
67	146301.900455803
68	144264.45006768132
69	142539.02602626116
70	141132.9129907939
71	140711.1625982203
72	140322.8707836807
73	141766.87388654466
74	143537.12769795101
75	144893.85016972353
76	147167.10812343037
77	149409.29496648922
78	150744.06647111828
79	153558.57636455714
80	156597.4763422264
81	160105.94863654298
82	165129.64522658839
83	168214.13764026941
84	172050.68719047264
85	176041.25616070273
86	180169.40999163903
87	182610.5652375433
88	184471.75165845646
89	188875.40162617314
90	193393.04587106037
91	198020.33505552323
92	202753.34467757292
93	207589.61378232954
94	212314.94070853622
95	216971.23940055363
96	216909.11046155708
97	212194.5897169052
98	207535.70727775572
99	202702.48861457838
100	197973.97748043356
101	193352.41003557638
102	188842.52314227182
103	184451.3932855043
104	180191.00716847333
105	176067.9443415466
106	172084.45122560198
107	168253.56019446094
108	167505.7530987312
109	166248.71170130494
110	164591.61664715118
111	162692.27141948076
112	160741.18657043343
113	158943.2629860455
114	157497.04187104927
115	156576.29434200437
116	153575.42391664372
117	150794.60813026506
118	149581.75456246815
119	147460.52930775293
120	145203.12885879457
121	143673.3670119107
122	141923.48615252375
123	140483.89823854715
124	140485.94136194664
125	140362.16145951103
126	140126.00644857183
127	139818.7531301552
128	140834.954991193
129	142044.88571165607
130	143426.46933452188
131	144966.28238432767
132	146659.7726335443
133	148522.73658437695
134	150551.36167657183
135	152718.29336339136
136	155018.4293783713
137	157461.4102309682
138	157169.85790927353
139	159807.9894608998
140	161998.57013766438
141	165385.31157596418
142	167284.67923875514
143	166317.40615603808
144	163276.30064762424
145	160388.0477956359
146	160231.88231852083
147	162665.68879306832
148	160171.36642887446
149	160269.91670439765
150	162997.19155325534
151	165862.55341141947
152	168844.67541669565
153	171932.06978229914
154	175122.42749931966
155	176834.17871806206
156	179151.30329766814
157	181592.18066754562
158	183703.05380646265
159	185142.17258013098
160	185725.2115056199
161	189305.41070197427
162	192979.12966349226
163	196497.271580829
164	200357.61793431398
165	202317.25766923316
166	206283.08709442624
167	210333.2915898153
168	214466.89089055618
169	218686.16798414278
170	222995.70788558276
171	227403.8871584536
172	231917.5333188801
173	236569.66366628231
174	241351.52831270025
175	246239.2536424574
176	251228.2993681196
177	255838.46947466873
178	261724.63179572942
179	265269.5891929366
180	270572.1945370655
181	275954.30227316683
182	281413.8788989213
183	285439.9721679279
184	291252.0954966257
185	296083.56892989815
186	297780.89375822386
187	295620.0351604042
188	290539.10395757447
189	284809.9352442886
190	281170.0973574449
191	275706.88057474536
192	270319.2720195119
193	265008.8863356552
194	262298.7850649853
195	258033.59476329357
196	253676.83426996245
197	250903.56937829376
198	245905.3600639604
199	241010.42356605892
200	236236.2247685569
201	240264.8344521219
202	242881.40229752928
203	243567.05822156827
204	242164.5004718117
205	238935.60137468498
206	234543.12945489216
207	229939.8295610422
208	226184.70132370613
209	224197.58966040495
210	224503.288109814
211	227045.69221161114
212	231175.04123373472
213	226652.1396711861
214	222249.62343996088
215	217948.36100429934
216	213736.21361171405
217	209607.2503634484
218	205559.57266362428
219	201595.7922018666
220	198610.61903423976
221	194732.18929927744
222	192261.22745923616
223	188591.37038947744
224	185018.31238698674
225	181666.74326015287
226	177184.9369553724
227	174503.66315601103
228	171312.73337628937
229	168230.55312911433
230	165258.75427971446
231	162406.71211428338
232	159688.3590632791
233	157101.73453842025
234	154651.36237493932
235	152339.9728590292
236	150161.56364326953
237	148115.07943961935
238	147738.20419735558
239	147240.44074093958
240	146696.2737205817
241	146209.94628709077
242	144530.35149721417
243	142997.373998734
244	141620.76893336335
245	140415.16049136853
246	139400.95584303702
247	138756.72196735302
248	138017.43803538417
249	137298.68241904443
250	136937.70548141937
251	136974.67543042827
252	137171.2933571717
253	137506.27916259735
254	137964.80317566334
255	138536.39527923308
256	139213.37613564328
257	139990.14763720255
258	140863.0058665086
259	141830.04469555416
260	142893.3697900306
261	143508.33771427086
262	144583.68181028892
263	145721.88589065775
264	146629.02792962643
265	147186.41524457143
266	148648.14406555772
267	150203.0672078792
268	151849.5968774381
269	153596.08197772695
270	153902.52825153805
271	154782.81597959175
272	156135.52469317266
273	157779.91273101757
274	159502.75116606985
275	161388.51648413317
276	163528.16114169845
277	165906.68241052682
278	167758.57687240693
279	170948.0831657535
280	172134.29892747026
281	170194.64339041017
282	167086.23415925098
283	164767.33876777696
284	162695.19776057746
285	160890.49589091667
286	161162.69776954252
287	163412.5677912826
288	161928.49051406025
289	162421.19550958843
290	164765.55567918535
291	167238.74634107592
292	169827.29677276593
293	172527.78831367625
294	175344.26637865847
295	176998.68294578017
296	182726.68140975424
297	190157.43319059178
298	193623.73404744564
299	197303.60154494038
300	198182.33816026401
301	200360.4971321189
302	203473.5816048399
303	207027.4084370695
304	210485.92357982515
305	213357.1875185021
306	215262.3294589427
307	219868.08245346675
308	224623.37550149712
309	229513.4803512488
310	234529.14045563218
311	238967.47966801393
312	244254.04298463798
313	245089.4538976257
314	240602.7425527973
315	235281.8405329024
316	230260.5655380997
317	225366.98466840555
318	220611.32465232888
319	216009.37211991588
320	214626.8732690415
321	211070.50100023378
322	206257.31553187643
323	201498.03954129908
324	198167.35048145356
325	194511.36337256248
326	191091.12404532486
327	191229.29737129583
328	194793.68272509318
329	195273.4361859334
330	191739.28866420814
331	192111.33843938896
332	195720.4044888712
333	199549.22953709683
334	203578.2665420053
335	207801.09857699138
336	211570.82022655773
337	216801.69275018043
338	220222.79910795775
339	225090.20365779003
340	230111.88592233526
341	235275.8599026594
342	240286.31776081675
343	245351.81117689682
344	245392.2437547836
345	240369.2739378702
346	235317.12372046174
347	230157.00227971288
348	225139.934708978
349	220277.1887913818
350	218054.70649088768
351	214362.52438095628
352	210475.6717833951
353	207845.75708768636
354	203635.8732677278
355	199619.54348589547
356	195803.14082835944
357	192196.98356569879
358	191932.8984196981
359	191570.71763119078
360	195065.2250735928
361	198759.65494166547
362	202642.17559759016
363	206703.27098485548
364	210933.70747837497
365	215324.68382249647
366	219866.50838354067
367	224550.08184962074
368	229371.1908960024
369	234337.89189712983
370	239444.60044988638
371	244666.94069437543
372	250073.68162459947
373	254810.54369943382
374	254145.19298188345
375	248776.85648663805
376	244072.6024917873
377	238856.4145110339
378	233749.69022158062
379	232373.03234735987
380	230519.04898872215
381	228715.4266951202
382	223912.466076956
383	219238.79438456986
384	214702.91709769622
385	210312.89740693435
386	206077.5370582288
387	202004.63936475874
388	198102.3263765154
389	194378.47446990653
390	190839.00420840143
391	187098.56870262988
392	183297.805978361
393	179895.85349491786
