Gaussian Denoiser Window Size: 2
Predicted sites number: 20
Predicted nucleotides number: 28

Site#1:
28
Site#2:
38
Site#3:
45
Site#4:
60
Site#5:
72
Site#6:
96
Site#7:
127
Site#8:
143
Site#9:
146
147
149
Site#10:
186
Site#11:
201
203
Site#12:
210
212
Site#13:
251
Site#14:
280
Site#15:
286
288
289
Site#16:
313
Site#17:
327
329
331
Site#18:
344
Site#19:
359
Site#20:
374

extremaRank	extremaLoc	extremaNt	extremaNDS_gd
1	251	251	136956.19
2	28	28	137107.18
3	45	45	139575.06
4	127	127	139972.38
5	72	72	140517.02
6	38	38	148653.68
7	149	149	160220.64
8	146	146	160309.97
9	286	286	161026.6
10	147	147	161448.79
11	289	289	162174.84
12	288	288	162670.53
13	143	143	166801.04
14	60	60	168656.89
15	280	280	171541.19
16	327	327	191160.21
17	359	359	191751.81
18	331	331	191925.31
19	329	329	195033.56
20	96	96	216940.17
21	210	210	224350.44
22	212	212	229110.37
23	201	201	238250.53
24	203	203	243224.23
25	313	313	244671.75
26	344	344	245372.03
27	374	374	254477.87
28	186	186	296932.23

Gaussian Denoised Signal:
1	1	175764.81
2	2	175575.16
3	3	173981.83
4	4	171233.26
5	5	168599.85
6	6	166080.82
7	7	163682.62
8	8	161268.01
9	9	158138.96
10	10	155048.04
11	11	152961.65
12	12	151257.77
13	13	149652.88
14	14	148143.51
15	15	147242.26
16	16	146522.82
17	17	145190.41
18	18	143766.98
19	19	142593.66
20	20	141574.99
21	21	140651.24
22	22	139821.77
23	23	139088.78
24	24	138456.55
25	25	137931.31
26	26	137521.74
27	27	137240.34
28	28	137107.18
29	29	137234.52
30	30	137627.05
31	31	138168.84
32	32	138812.84
33	33	139803.72
34	34	141265.34
35	35	143045.75
36	36	144992.72
37	37	147208.83
38	38	148653.68
39	39	147806.94
40	40	145555.51
41	41	143958.76
42	42	142979.47
43	43	141590.03
44	44	140136.98
45	45	139575.06
46	46	140065.48
47	47	141180.71
48	48	142759.15
49	49	144659.13
50	50	146862.58
51	51	149350.4
52	52	151100.86
53	53	152313.65
54	54	154015.33
55	55	155810.92
56	56	157305.25
57	57	159658.82
58	58	163010.17
59	59	166523.68
60	60	168656.89
61	61	167251.61
62	62	163725.37
63	63	160129.15
64	64	156889.83
65	65	153310.96
66	66	149945.35
67	67	147469.74
68	68	145283.18
69	69	143401.74
70	70	141835.97
71	71	140922.04
72	72	140517.02
73	73	141044.87
74	74	142652
75	75	144215.49
76	76	146030.48
77	77	148288.2
78	78	150076.68
79	79	152151.32
80	80	155078.03
81	81	158351.71
82	82	162617.8
83	83	166671.89
84	84	170132.41
85	85	174045.97
86	86	178105.33
87	87	181389.99
88	88	183541.16
89	89	186673.58
90	90	191134.22
91	91	195706.69
92	92	200386.84
93	93	205171.48
94	94	209952.28
95	95	214643.09
96	96	216940.17
97	97	214551.85
98	98	209865.15
99	99	205119.1
100	100	200338.23
101	101	195663.19
102	102	191097.47
103	103	186646.96
104	104	182321.2
105	105	178129.48
106	106	174076.2
107	107	170169.01
108	108	167879.66
109	109	166877.23
110	110	165420.16
111	111	163641.94
112	112	161716.73
113	113	159842.22
114	114	158220.15
115	115	157036.67
116	116	155075.86
117	117	152185.02
118	118	150188.18
119	119	148521.14
120	120	146331.83
121	121	144438.25
122	122	142798.43
123	123	141203.69
124	124	140484.92
125	125	140424.05
126	126	140244.08
127	127	139972.38
128	128	140326.85
129	129	141439.92
130	130	142735.68
131	131	144196.38
132	132	145813.03
133	133	147591.25
134	134	149537.05
135	135	151634.83
136	136	153868.36
137	137	156239.92
138	138	157315.63
139	139	158488.92
140	140	160903.28
141	141	163691.94
142	142	166335
143	143	166801.04
144	144	164796.85
145	145	161832.17
146	146	160309.97
147	147	161448.79
148	148	161418.53
149	149	160220.64
150	150	161633.55
151	151	164429.87
152	152	167353.61
153	153	170388.37
154	154	173527.25
155	155	175978.3
156	156	177992.74
157	157	180371.74
158	158	182647.62
159	159	184422.61
160	160	185433.69
161	161	187515.31
162	162	191142.27
163	163	194738.2
164	164	198427.44
165	165	201337.44
166	166	204300.17
167	167	208308.19
168	168	212400.09
169	169	216576.53
170	170	220840.94
171	171	225199.8
172	172	229660.71
173	173	234243.6
174	174	238960.6
175	175	243795.39
176	176	248733.78
177	177	253533.38
178	178	258781.55
179	179	263497.11
180	180	267920.89
181	181	273263.25
182	182	278684.09
183	183	283426.93
184	184	288346.03
185	185	293667.83
186	186	296932.23
187	187	296700.46
188	188	293079.57
189	189	287674.52
190	190	282990.02
191	191	278438.49
192	192	273013.08
193	193	267664.08
194	194	263653.84
195	195	260166.19
196	196	255855.21
197	197	252290.2
198	198	248404.46
199	199	243457.89
200	200	238623.32
201	201	238250.53
202	202	241573.12
203	203	243224.23
204	204	242865.78
205	205	240550.05
206	206	236739.37
207	207	232241.48
208	208	228062.27
209	209	225191.15
210	210	224350.44
211	211	225774.49
212	212	229110.37
213	213	228913.59
214	214	224450.88
215	215	220098.99
216	216	215842.29
217	217	211671.73
218	218	207583.41
219	219	203577.68
220	220	200103.21
221	221	196671.4
222	222	193496.71
223	223	190426.3
224	224	186804.84
225	225	183342.53
226	226	179425.84
227	227	175844.3
228	228	172908.2
229	229	169771.64
230	230	166744.65
231	231	163832.73
232	232	161047.54
233	233	158395.05
234	234	155876.55
235	235	153495.67
236	236	151250.77
237	237	149138.32
238	238	147926.64
239	239	147489.32
240	240	146968.36
241	241	146453.11
242	242	145370.15
243	243	143763.86
244	244	142309.07
245	245	141017.96
246	246	139908.06
247	247	139078.84
248	248	138387.08
249	249	137658.06
250	250	137118.19
251	251	136956.19
252	252	137072.98
253	253	137338.79
254	254	137735.54
255	255	138250.6
256	256	138874.89
257	257	139601.76
258	258	140426.58
259	259	141346.53
260	260	142361.71
261	261	143200.85
262	262	144046.01
263	263	145152.78
264	264	146175.46
265	265	146907.72
266	266	147917.28
267	267	149425.61
268	268	151026.33
269	269	152722.84
270	270	153749.31
271	271	154342.67
272	272	155459.17
273	273	156957.72
274	274	158641.33
275	275	160445.63
276	276	162458.34
277	277	164717.42
278	278	166832.63
279	279	169353.33
280	280	171541.19
281	281	171164.47
282	282	168640.44
283	283	165926.79
284	284	163731.27
285	285	161792.85
286	286	161026.6
287	287	162287.63
288	288	162670.53
289	289	162174.84
290	290	163593.38
291	291	166002.15
292	292	168533.02
293	293	171177.54
294	294	173936.03
295	295	176171.47
296	296	179862.68
297	297	186442.06
298	298	191890.58
299	299	195463.67
300	300	197742.97
301	301	199271.42
302	302	201917.04
303	303	205250.5
304	304	208756.67
305	305	211921.56
306	306	214309.76
307	307	217565.21
308	308	222245.73
309	309	227068.43
310	310	232021.31
311	311	236748.31
312	312	241610.76
313	313	244671.75
314	314	242846.1
315	315	237942.29
316	316	232771.2
317	317	227813.78
318	318	222989.15
319	319	218310.35
320	320	215318.12
321	321	212848.69
322	322	208663.91
323	323	203877.68
324	324	199832.7
325	325	196339.36
326	326	192801.24
327	327	191160.21
328	328	193011.49
329	329	195033.56
330	330	193506.36
331	331	191925.31
332	332	193915.87
333	333	197634.82
334	334	201563.75
335	335	205689.68
336	336	209685.96
337	337	214186.26
338	338	218512.25
339	339	222656.5
340	340	227601.04
341	341	232693.87
342	342	237781.09
343	343	242819.06
344	344	245372.03
345	345	242880.76
346	346	237843.2
347	347	232737.06
348	348	227648.47
349	349	222708.56
350	350	219165.95
351	351	216208.62
352	352	212419.1
353	353	209160.71
354	354	205740.82
355	355	201627.71
356	356	197711.34
357	357	194000.06
358	358	192064.94
359	359	191751.81
360	360	193317.97
361	361	196912.44
362	362	200700.92
363	363	204672.72
364	364	208818.49
365	365	213129.2
366	366	217595.6
367	367	222208.3
368	368	226960.64
369	369	231854.54
370	370	236891.25
371	371	242055.77
372	372	247370.31
373	373	252442.11
374	374	254477.87
375	375	251461.02
376	376	246424.73
377	377	241464.51
378	378	236303.05
379	379	233061.36
380	380	231446.04
381	381	229617.24
382	382	226313.95
383	383	221575.63
384	384	216970.86
385	385	212507.91
386	386	208195.22
387	387	204041.09
388	388	200053.48
389	389	196240.4
390	390	192608.74
391	391	188968.79
392	392	185198.19
393	393	181596.83
====================

