"nt"	"nds"
1	6570.776838947233
2	5889.573770998738
3	5273.015420035653
4	4725.542862760363
5	4252.478764332585
6	3862.9030515122436
7	3574.208745565354
8	3568.9194394401325
9	3527.0226955639837
10	3771.8648459718747
11	4113.405691631296
12	4540.883789718582
13	5048.752716469223
14	5591.557415254495
15	6225.6825746386785
16	6506.401616839081
17	6264.66475864546
18	5640.867778505985
19	5069.733076138649
20	4561.98595337543
21	4134.3609834860345
22	3792.429298054025
23	3547.398213919265
24	3633.798423466518
25	3697.383229907564
26	4065.546341543205
27	4545.913405584783
28	5102.808389053296
29	5684.848674843142
30	5754.570501831181
31	5244.612814684512
32	4610.677640315531
33	4124.229585584806
34	3741.882486150635
35	3763.3305309079833
36	3784.6604234328515
37	3801.251411449139
38	3810.0761918022376
39	3809.509365150221
40	3798.908779261552
41	3778.573115689565
42	3749.600200636878
43	3714.1461838042515
44	3675.3560108359607
45	3637.714878664662
46	3607.2038511029746
47	3909.043324318301
48	4305.14322379936
49	4779.800618952786
50	5326.540837406571
51	5941.316012234456
52	6620.300125097007
