Gaussian Denoiser Window Size: 2
Predicted sites number: 9
Predicted nucleotides number: 9

Site#1:
1
Site#2:
9
Site#3:
17
Site#4:
24
Site#5:
30
Site#6:
35
Site#7:
39
Site#8:
46
Site#9:
52

extremaRank	extremaLoc	extremaNt	extremaNDS_gd
1	9	9	3547.97
2	24	24	3590.6
3	46	46	3622.46
4	35	35	3752.61
5	39	39	3809.79
6	30	30	5719.71
7	52	52	6280.81
8	17	17	6385.53
9	1	1	6570.78

Gaussian Denoised Signal:
1	1	6570.78
2	2	6230.18
3	3	5581.29
4	4	4999.28
5	5	4489.01
6	6	4057.69
7	7	3718.56
8	8	3571.56
9	9	3547.97
10	10	3649.44
11	11	3942.64
12	12	4327.14
13	13	4794.82
14	14	5320.16
15	15	5908.62
16	16	6366.04
17	17	6385.53
18	18	5952.77
19	19	5355.3
20	20	4815.86
21	21	4348.17
22	22	3963.4
23	23	3669.91
24	24	3590.6
25	25	3665.59
26	26	3881.46
27	27	4305.73
28	28	4824.36
29	29	5393.83
30	30	5719.71
31	31	5499.59
32	32	4927.65
33	33	4367.45
34	34	3933.06
35	35	3752.61
36	36	3774
37	37	3792.96
38	38	3805.66
39	39	3809.79
40	40	3804.21
41	41	3788.74
42	42	3764.09
43	43	3731.87
44	44	3694.75
45	45	3656.54
46	46	3622.46
47	47	3758.12
48	48	4107.09
49	49	4542.47
50	50	5053.17
51	51	5633.93
52	52	6280.81
====================

