"nt"	"nds"
1	19525.12222540862
2	19017.826769886575
3	18593.220931327658
4	18245.641552264955
5	17975.47250417369
6	17787.02696227793
7	17799.440302892355
8	17680.50947973899
9	17979.857752429674
10	18330.39833365563
11	18561.144322527605
12	19114.646608522562
13	19798.039173206074
14	20596.730208269422
15	21500.651687254027
16	22502.324646043777
17	23596.68092119726
18	23971.488370909734
19	24362.94346127609
20	24693.32603694201
21	24912.875223295727
22	26264.75187089021
23	27699.314351664932
24	29180.64711707306
25	30609.897865691506
26	30618.15587847688
27	29193.241079543262
28	27704.474997138735
29	26271.79443701081
30	24930.607756883233
31	23705.684262296472
32	22600.366012817794
33	21596.13681588721
34	20693.211111542212
35	19898.216177806484
36	19221.772813318228
37	18680.138246110942
38	18742.401288151585
39	18697.821956905904
40	19256.085223343274
41	19949.778774440783
42	20760.99043454432
43	21724.892141638767
44	22448.768168778388
45	23535.275690246224
46	24711.32153790584
47	25987.960486826025
48	26996.678253661452
49	28404.025284376396
50	29662.901219905256
51	31280.571401578105
52	32315.441954306727
53	32237.17591661186
54	31092.753710576417
55	29478.225480230038
56	28331.130146687316
57	26924.601541392927
58	25842.733056706453
59	24640.57772243106
60	23465.08820969624
61	22378.627443927617
62	21580.6617820796
63	20687.776007284076
64	19871.465697628082
65	19167.701388788366
66	18591.68236561858
67	18489.79310889774
68	18349.759933004072
69	18169.049740138988
70	17966.521038180814
71	17779.96666190053
72	17660.651499913398
73	17770.338859835494
74	17774.631251437884
75	17964.893097294847
76	18236.682971010923
77	18586.964831116788
78	19016.834106812363
79	19532.62919650976
80	20451.26305056235
81	21629.927962963306
82	22343.45448842941
83	23276.45127671967
84	24297.77663679263
85	25396.104429066258
86	26476.10471399569
87	27510.99998640289
88	28801.364096313653
89	30157.830633810478
90	31578.368621291564
91	33061.923052369544
92	34607.84652209157
93	36216.01471070369
94	37973.92894364529
95	39186.69129411349
96	38204.07818240434
97	36347.63402288669
98	34743.57659915039
99	33201.84934619213
100	31722.71462291372
101	30306.873533445887
102	28955.03224672749
103	27669.18456350121
104	26804.949448600757
105	25560.931075530858
106	24464.123724674402
107	23440.421022080915
108	22499.998609465663
109	22502.595567171596
110	22452.827050502834
111	22343.33368773552
112	22171.291757939867
113	21938.53437098681
114	21651.654115724083
115	21321.91068366484
116	20964.792278479003
117	20599.87599570872
118	20249.73738126119
119	19939.314067226696
