"nt"	"nds"
1	2762.792580224812
2	2408.5391797581474
3	2111.5874487259757
4	1873.5011631737393
5	1694.798905919527
6	1575.7083346956176
7	1516.3529668054157
8	1516.8181956033218
9	1577.1905200623505
10	1697.610430083466
11	1878.4028954130072
12	2120.472017481279
13	2450.4737206783857
14	2737.331252397134
15	2737.331252397134
16	2450.473720678386
17	2120.47201748128
18	1878.4028954130079
19	1697.6104300834666
20	1577.190520062351
21	1516.8181956033225
22	1516.3529668054161
23	1575.708334695618
24	1694.7989059195274
25	1873.5011631737398
26	2111.587448725976
27	2408.539179758148
28	2762.792580224812
