Gaussian Denoiser Window Size: 2
Predicted sites number: 5
Predicted nucleotides number: 5

Site#1:
1
Site#2:
8
Site#3:
15
Site#4:
22
Site#5:
28

extremaRank	extremaLoc	extremaNt	extremaNDS_gd
1.5	8	8	1516.59
1.5	22	22	1516.59
3	28	28	2585.67
4	15	15	2737.33
5	1	1	2762.79

Gaussian Denoised Signal:
1	1	2762.79
2	2	2585.67
3	3	2260.06
4	4	1992.54
5	5	1784.15
6	6	1635.25
7	7	1546.03
8	8	1516.59
9	9	1547
10	10	1637.4
11	11	1788.01
12	12	1999.44
13	13	2285.47
14	14	2593.9
15	15	2737.33
16	16	2593.9
17	17	2285.47
18	18	1999.44
19	19	1788.01
20	20	1637.4
21	21	1547
22	22	1516.59
23	23	1546.03
24	24	1635.25
25	25	1784.15
26	26	1992.54
27	27	2260.06
28	28	2585.67
====================

