"nt"	"nds"
1	2420.919381374579
2	2076.8933921241537
3	1796.0347896226847
4	1586.5759001229274
5	1613.9743450085084
6	1625.9887687136973
7	1605.5468962504249
8	1552.6202409621947
9	1480.3227333182065
10	1420.7704122085674
11	1555.4079276312327
12	1773.968593953126
13	2057.9810706478734
14	2273.549007030706
15	2351.1454500148166
16	2270.068782469874
17	2052.567640316253
18	1769.4508753073028
19	1554.0049005334515
20	1419.8595189868433
21	1483.8558257436223
22	1556.000162731602
23	1598.613294167239
24	1601.8963674005859
25	1582.1847971462364
26	1791.5393352455928
27	2072.431960088471
28	2416.638379651874
