Gaussian Denoiser Window Size: 2
Predicted sites number: 7
Predicted nucleotides number: 9

Site#1:
1
Site#2:
5
6
Site#3:
10
Site#4:
15
Site#5:
21
Site#6:
24
25
Site#7:
28

extremaRank	extremaLoc	extremaNt	extremaNDS_gd
1	10	10	1450.55
2	21	21	1451.86
3	25	25	1592.04
4	24	24	1600.25
5	5	5	1600.28
6	6	6	1619.98
7	28	28	2244.54
8	15	15	2312.35
9	1	1	2420.92

Gaussian Denoised Signal:
1	1	2420.92
2	2	2248.91
3	3	1936.46
4	4	1691.31
5	5	1600.28
6	6	1619.98
7	7	1615.77
8	8	1579.08
9	9	1516.47
10	10	1450.55
11	11	1488.09
12	12	1664.69
13	13	1915.97
14	14	2165.77
15	15	2312.35
16	16	2310.61
17	17	2161.32
18	18	1911.01
19	19	1661.73
20	20	1486.93
21	21	1451.86
22	22	1519.93
23	23	1577.31
24	24	1600.25
25	25	1592.04
26	26	1686.86
27	27	1931.99
28	28	2244.54
====================

