"nt"	"nds"
1	2227.974246466441
2	2228.042299145955
3	2228.1120629725942
4	2228.1731283073755
5	2228.2445568620537
6	2228.295829227146
7	2228.360720961982
8	2228.3973473427577
9	2228.450196232987
10	2228.485275359838
11	2228.503365666103
12	2228.532770164562
13	2228.548878689025
14	2228.5389543234064
15	2228.548878689024
16	2228.5327701645615
17	2228.503365666102
18	2228.485275359837
19	2228.4501962329864
20	2228.397347342757
21	2228.3607209619827
22	2228.295829227146
23	2228.2445568620537
24	2228.1731283073755
25	2228.112062972594
26	2228.0422991459554
27	2227.9742464664414
