Gaussian Denoiser Window Size: 2
Predicted sites number: 2
Predicted nucleotides number: 2

Site#1:
1
Site#2:
27

extremaRank	extremaLoc	extremaNt	extremaNDS_gd
1	1	1	2227.97
2	27	27	2228.01

Gaussian Denoised Signal:
1	1	2227.97
2	2	2228.01
3	3	2228.08
4	4	2228.14
5	5	2228.21
6	6	2228.27
7	7	2228.33
8	8	2228.38
9	9	2228.42
10	10	2228.47
11	11	2228.49
12	12	2228.52
13	13	2228.54
14	14	2228.54
15	15	2228.54
16	16	2228.54
17	17	2228.52
18	18	2228.49
19	19	2228.47
20	20	2228.42
21	21	2228.38
22	22	2228.33
23	23	2228.27
24	24	2228.21
25	25	2228.14
26	26	2228.08
27	27	2228.01
====================

