"nt"	"nds"
1	5066.336564668661
2	4527.006213082264
3	4046.9203249237353
4	3628.3746930062207
5	3273.2001644540555
6	2985.813226446417
7	2985.089122959622
8	2968.4498660656573
9	2933.278642876377
10	2881.067432182472
11	2818.6760125878513
12	2759.0836492502167
13	2702.3923288202445
14	2710.632015819087
15	2781.1372092780975
16	2913.1245255636313
17	3106.3528890552493
18	3360.9339799054983
19	3677.6673925765654
20	4059.0258367528077
21	4476.0228704195015
22	4984.6323740156
23	5303.605815950015
24	5293.77894251415
25	4959.988013705292
26	4449.9260534188315
27	4048.1103343041223
28	3665.991061785929
29	3348.395244117702
30	3092.892036135116
31	2898.7143108669497
32	2765.8546135823854
33	2695.0018623055003
34	2688.4419320430443
35	2753.9589834891576
36	2926.924718690129
37	3207.0402777295994
38	3563.569329371038
39	3985.7476439669094
40	4469.768681882594
41	5012.820939437919
