Gaussian Denoiser Window Size: 2
Predicted sites number: 5
Predicted nucleotides number: 5

Site#1:
1
Site#2:
19
Site#3:
36
Site#4:
56
Site#5:
75

extremaRank	extremaLoc	extremaNt	extremaNDS_gd
1	19	19	8995.3
2	56	56	9021.95
3	1	1	16150.75
4	36	36	17855.08
5	75	75	18105.49

Gaussian Denoised Signal:
1	1	16150.75
2	2	15664.28
3	3	14721.92
4	4	13840.59
5	5	13020.32
6	6	12262.09
7	7	11847.37
8	8	11710.75
9	9	11518.3
10	10	11305.79
11	11	10938.18
12	12	10445.79
13	13	10019.39
14	14	9667.5
15	15	9396.24
16	16	9198.35
17	17	9065.62
18	18	8997.01
19	19	8995.3
20	20	9126.61
21	21	9299.16
22	22	9495.23
23	23	9807.29
24	24	10182.79
25	25	10495.8
26	26	10865.19
27	27	11419.13
28	28	12046.94
29	29	12743.51
30	30	13503.75
31	31	14326.19
32	32	15211.37
33	33	16097.65
34	34	17047.9
35	35	17810.78
36	36	17855.08
37	37	17149.2
38	38	16179.6
39	39	15262.37
40	40	14379.45
41	41	13559.28
42	42	12801.02
43	43	12104.94
44	44	11653.64
45	45	11347.47
46	46	10904.46
47	47	10569.89
48	48	10291.74
49	49	9885.21
50	50	9537.93
51	51	9405.51
52	52	9397.95
53	53	9336.65
54	54	9223.82
55	55	9096.52
56	56	9021.95
57	57	9026.98
58	58	9096.33
59	59	9228.01
60	60	9421.87
61	61	9611.48
62	62	9749.15
63	63	9838.58
64	64	10066.2
65	65	10496.1
66	66	10993.05
67	67	11571.17
68	68	12242.11
69	69	12994.38
70	70	13813.11
71	71	14693.65
72	72	15634.2
73	73	16619.14
74	74	17604.27
75	75	18105.49
====================

