"nt"	"nds"
1	16150.748473448833
2	15177.821505451886
3	14266.027318433136
4	13415.146992425889
5	12625.48488525858
6	11898.68635726711
7	11796.061855057276
8	11625.430352819874
9	11411.163336034453
10	11200.424360137937
11	10675.94478723689
12	10215.62610155838
13	9823.14417574259
14	9511.855859618658
15	9280.633750524741
16	9116.06020722125
17	9015.171660445618
18	8978.84998990368
19	9011.75533731672
20	9241.455712672732
21	9356.865335159422
22	9633.591811651151
23	9980.989144808012
24	10384.588550063785
25	10607.01692764644
26	11123.362842144881
27	11714.887857528847
28	12378.984985823867
29	13108.03905106041
30	13899.457242051321
31	14752.927384343448
32	15669.819830669685
33	16525.484756767815
34	17570.3078968453
35	18051.24892693949
36	17658.90239637877
37	16639.48960334767
38	15719.706515417913
39	14805.029289235345
40	13953.863579171244
41	13164.704263493328
42	12437.340082920799
43	11772.535851084765
44	11534.736085720284
45	11160.206667384964
46	10648.712724947018
47	10491.068128121604
48	10092.421323845749
49	9677.991731881819
50	9397.873336685128
51	9413.147420954003
52	9382.754635667046
53	9290.540367021504
54	9157.107303556966
55	9035.922827049022
56	9007.975827123431
57	9045.976973842706
58	9146.673718454967
59	9309.348380587051
60	9534.39125122489
61	9688.572704393391
62	9809.719202758724
63	9867.448598947587
64	10264.946504995994
65	10727.252892619877
66	11258.854427250617
67	11883.47666545123
68	12600.748411452567
69	13388.003858025886
70	14238.20876612183
71	15149.086452337275
72	16119.311819268005
73	17118.96497256659
74	18089.566231622295
75	18121.408806420182
