"nt"	"nds"
1	1966.9430771591342
2	1665.32132233048
3	1426.2468046016565
4	1401.155324629953
5	1326.296984896326
6	1218.0089136436877
7	1123.737745909019
8	1103.7226881797526
9	1150.0985350354993
10	1301.2382497798528
11	1390.9853300034388
12	1638.155106931532
13	1897.289243997324
14	1999.8957322404367
15	1895.575422862516
16	1636.1356939277148
17	1390.268782903775
18	1300.1505551728471
19	1150.1789339889817
20	1105.1872593072535
21	1128.1783012528888
22	1291.2090012919605
23	1404.0320239432629
24	1643.5131710906026
25	1946.389581085836
