"nt"	"nds"
1	2259.801267779683
2	1936.6773813653215
3	1671.380335061909
4	1465.911811170365
5	1321.8267620707131
6	1242.2385696121878
7	1301.8322846967817
8	1330.8396637962583
9	1313.9580502581784
10	1455.3692358230346
11	1662.8992436730289
12	1962.2665744046321
13	2219.216105287915
14	2219.2161052879146
15	1962.266574404632
16	1662.8992436730286
17	1455.3692358230342
18	1313.9580502581778
19	1330.839663796258
20	1301.8322846967815
21	1242.2385696121878
22	1321.8267620707134
23	1465.911811170365
24	1671.3803350619094
25	1936.6773813653215
26	2259.8012677796833
