"nt"	"nds"
1	6940.544331943308
2	6296.892063720307
3	5718.918664361583
4	5211.411489082517
5	4783.317533209393
6	4453.709050639127
7	4819.84440375113
8	5176.863133142428
9	5391.732925742654
10	5391.763914085482
11	5174.6511360491295
12	4801.486169400543
13	4393.587128106468
14	4113.194872845988
15	4090.8088474992437
16	3939.2911601229007
17	3882.3562830054975
18	3902.133562918464
19	3990.827299618784
20	4145.57185433598
21	4366.504162166641
22	4659.229857361879
23	4877.49846923192
24	5301.396592765413
25	5809.391102534803
26	6386.86412165921
27	7021.613858224113
28	7641.802922161228
29	7682.946687697419
30	7108.2670886042215
31	6429.553480154994
32	5853.829566890058
33	5343.505840398628
34	5248.072648797482
35	5074.091907718829
36	4874.616825252462
37	4667.234872103696
38	4373.255700939812
39	4155.392875040287
40	4003.90482526664
41	3919.3999730225974
42	3904.9912755290325
43	3966.5898868481204
44	4111.525580132893
45	4362.384158153754
46	4707.136077551295
47	5137.771445228225
48	5645.918004667389
49	6224.405947819972
50	6867.7581500176275
51	7767.9876547024505
