Gaussian Denoiser Window Size: 2
Predicted sites number: 7
Predicted nucleotides number: 7

Site#1:
1
Site#2:
6
Site#3:
10
Site#4:
18
Site#5:
29
Site#6:
42
Site#7:
51

extremaRank	extremaLoc	extremaNt	extremaNDS_gd
1	18	18	3892.24
2	42	42	3912.2
3	6	6	4618.51
4	10	10	5391.75
5	1	1	6940.54
6	51	51	7317.87
7	29	29	7662.37

Gaussian Denoised Signal:
1	1	6940.54
2	2	6618.72
3	3	6007.91
4	4	5465.17
5	5	4997.36
6	6	4618.51
7	7	4636.78
8	8	4998.35
9	9	5284.3
10	10	5391.75
11	11	5283.21
12	12	4988.07
13	13	4597.54
14	14	4253.39
15	15	4102
16	16	4015.05
17	17	3910.82
18	18	3892.24
19	19	3946.48
20	20	4068.2
21	21	4256.04
22	22	4512.87
23	23	4768.36
24	24	5089.45
25	25	5555.39
26	26	6098.13
27	27	6704.24
28	28	7331.71
29	29	7662.37
30	30	7395.61
31	31	6768.91
32	32	6141.69
33	33	5598.67
34	34	5295.79
35	35	5161.08
36	36	4974.35
37	37	4770.93
38	38	4520.25
39	39	4264.32
40	40	4079.65
41	41	3961.65
42	42	3912.2
43	43	3935.79
44	44	4039.06
45	45	4236.95
46	46	4534.76
47	47	4922.45
48	48	5391.84
49	49	5935.16
50	50	6546.08
51	51	7317.87
====================

