Gaussian Denoiser Window Size: 2
Predicted sites number: 7
Predicted nucleotides number: 7

Site#1:
1
Site#2:
7
Site#3:
11
Site#4:
18
Site#5:
29
Site#6:
42
Site#7:
50

extremaRank	extremaLoc	extremaNt	extremaNDS_gd
1	18	18	3775.91
2	42	42	3794.44
3	7	7	4332.05
4	11	11	5110.76
5	50	50	6731.47
6	1	1	7120.62
7	29	29	7581.07

Gaussian Denoised Signal:
1	1	7120.62
2	2	6789.57
3	3	6158.5
4	4	5591.35
5	5	5092.22
6	6	4667.81
7	7	4332.05
8	8	4355.29
9	9	4694.98
10	10	4981.86
11	11	5110.76
12	12	5036.76
13	13	4779.45
14	14	4418.37
15	15	4083.56
16	16	3915.51
17	17	3835.73
18	18	3775.91
19	19	3802.15
20	20	3901.79
21	21	4069.96
22	22	4306.29
23	23	4682.54
24	24	5104.28
25	25	5531.49
26	26	6058.4
27	27	6649.77
28	28	7262.31
29	29	7581.07
30	30	7315
31	31	6702.93
32	32	6094.08
33	33	5567.86
34	34	5265.99
35	35	5093.39
36	36	4827.47
37	37	4558.25
38	38	4305.43
39	39	4074.34
40	40	3910.71
41	41	3815.95
42	42	3794.44
43	43	3852.77
44	44	4005.73
45	45	4259.36
46	46	4603.7
47	47	5029.7
48	48	5529.86
49	49	6098.52
50	50	6731.47
====================

