"nt"	"nds"
1	7120.622537177411
2	6458.519271187137
3	5858.482581397958
4	5324.215393268116
5	4860.220397327344
6	4475.398268662598
7	4188.7043386464975
8	4521.871564836861
9	4868.080864120791
10	5095.637829037968
11	5125.885722949258
12	4947.628992854425
13	4611.263892018067
14	4225.481306247302
15	3941.639021266577
16	3889.3853103446913
17	3782.081217161526
18	3769.7347561515685
19	3834.562403749666
20	3969.0208175064136
21	4170.8952197889275
22	4441.6755906903
23	4923.405678718209
24	5285.155238863378
25	5777.821904070912
26	6338.973278345911
27	6960.569035755188
28	7564.0540967543175
29	7598.0941957845735
30	7031.910484088795
31	6373.948409658323
32	5814.2169602162
33	5321.505072066593
34	5210.46859377408
35	4976.302167618461
36	4678.629397741497
37	4437.87606902481
38	4172.992733960888
39	3975.682517103451
40	3845.7425669872227
41	3786.148083740915
42	3802.7221418539716
43	3902.823051553229
44	4108.64099186241
45	4410.0805073873635
46	4797.310030694627
47	5262.094132011845
48	5797.627999316053
49	6399.413561347724
50	7063.5363665886825
