"nt"	"nds"
1	6167.540136312422
2	5592.002354871617
3	5076.515581185602
4	4622.527590924574
5	4231.697489091211
6	3908.5598108997033
7	3903.1926510626863
8	3856.630437552882
9	3763.491958348993
10	3635.8543956042517
11	3501.397514642368
12	3400.8231173479558
13	3346.4563522016015
14	3364.5358584754517
15	3570.1053071919087
16	3651.5191206692184
17	3892.7540321019997
18	4200.579347496195
19	4571.412376928461
20	5004.102388607157
21	5498.908998259234
22	6067.115294102514
23	6593.226353811323
24	6602.870683673025
25	6087.373975058748
26	5508.97459343401
27	5014.915952881982
28	4582.9841727936355
29	4212.727352697457
30	3904.8078534826263
31	3661.9923939473297
32	3654.167962946268
33	3589.826687803021
34	3471.877678630856
35	3359.151977760629
36	3345.993704489556
37	3406.7034391295088
38	3683.214561697665
39	3867.4234652077275
40	4188.239626220641
41	4579.202467395333
42	5034.344071277657
43	5550.803972553455
44	6126.00826011418
45	6936.593209222304
