"nt"	"nds"
1	7172.687943774431
2	6511.932216999167
3	5911.602086846212
4	5375.777288006699
5	4911.088314906694
6	4828.065258676765
7	4630.030355914622
8	4335.715182865196
9	4016.0055790495703
10	3787.5387621503505
11	3647.471504229031
12	3586.379680338785
13	3603.990312909235
14	3705.144430610386
15	3909.2841184925724
16	4208.005006145328
17	4590.5148805324625
18	5049.329134653858
19	5579.262306121184
20	6162.96141139679
21	6752.080302621824
22	6809.466200850926
23	6280.413993508762
24	5635.358131319951
25	5106.725286964429
26	4648.630711942492
27	4267.813259621777
28	3981.6645365673735
29	4307.12211474174
30	4621.126734757359
31	4778.605256399456
32	4709.535691958242
33	4434.679246613766
34	4059.9803226886115
35	3759.268537496832
36	3694.5019915373614
37	3587.7111122814094
38	3574.3889677727093
39	3639.949688398454
40	3783.1943918426787
41	4008.5178399328715
42	4331.6464476634055
43	4629.875871338174
44	4829.427489205897
45	4911.814583016934
46	5377.034189224869
47	5913.2295155541
48	6513.818398965336
49	7174.753584309719
