Gaussian Denoiser Window Size: 2
Predicted sites number: 4
Predicted nucleotides number: 5

Site#1:
10
Site#2:
23
Site#3:
36
Site#4:
49
51

extremaRank	extremaLoc	extremaNt	extremaNDS_gd
1	36	36	4464.92
2	10	10	4467.73
3	51	51	7764.88
4	23	23	8234.62
5	49	49	8377.77

Gaussian Denoised Signal:
1	1	6387.49
2	2	6204.78
3	3	5809.11
4	4	5418.69
5	5	5096.88
6	6	4841.17
7	7	4722.53
8	8	4664.55
9	9	4545.85
10	10	4467.73
11	11	4479.99
12	12	4557.78
13	13	4706.17
14	14	4931.65
15	15	5221.04
16	16	5588.91
17	17	5971.81
18	18	6229.41
19	19	6586.25
20	20	7144.81
21	21	7761.14
22	22	8229.26
23	23	8234.62
24	24	7773.56
25	25	7155.03
26	26	6592.77
27	27	6241.97
28	28	5993.19
29	29	5611.51
30	30	5235.11
31	31	4937.83
32	32	4764.29
33	33	4665.86
34	34	4552.99
35	35	4476.52
36	36	4464.92
37	37	4564.74
38	38	4686.25
39	39	4828.75
40	40	5082.49
41	41	5402.54
42	42	5790.87
43	43	6166.92
44	44	6598.06
45	45	7156.18
46	46	7700.89
47	47	8126.4
48	48	8363.54
49	49	8377.77
50	50	8167.66
51	51	7764.88
====================

