"nt"	"nds"
1	6387.486675475714
2	6022.0750497248155
3	5596.153628509411
4	5241.216736156161
5	4952.548404316917
6	4729.783215811639
7	4715.273374631652
8	4613.828921761707
9	4477.862706850629
10	4457.59763643773
11	4502.377769134258
12	4613.18437158578
13	4799.148015490973
14	5064.160935038103
15	5377.919160830737
16	5799.8969176621595
17	6143.729045133053
18	6315.095752292395
19	6857.395302963211
20	7432.224910816701
21	8090.060239076332
22	8368.4691420192
23	8100.777456031853
24	7446.350500884599
25	6863.70418871723
26	6321.844255452836
27	6162.094599154648
28	5824.2824049365145
29	5398.737977716013
30	5071.489019086108
31	4804.163703310955
32	4724.424117250685
33	4607.2902348006355
34	4498.689241826766
35	4454.357615996975
36	4475.47804219445
37	4653.995129044751
38	4718.513628614555
39	4938.988364676865
40	5225.99074739453
41	5579.098009073624
42	6002.644624142621
43	6331.201236248709
44	6864.9132190668715
45	7447.441825996309
46	7954.330958970349
47	8298.473790308697
48	8428.600075619994
49	8326.935850186519
50	8008.379728207797
51	7521.385129076339
