Gaussian Denoiser Window Size: 2
Predicted sites number: 9
Predicted nucleotides number: 11

Site#1:
1
Site#2:
11
13
Site#3:
17
Site#4:
28
Site#5:
40
41
Site#6:
44
Site#7:
57
Site#8:
70
Site#9:
83

extremaRank	extremaLoc	extremaNt	extremaNDS_gd
1	44	44	9428.63
2	70	70	9464.08
3	40	40	9552.21
4	41	41	9567.58
5	17	17	9605.82
6	11	11	9729.3
7	13	13	9782.45
8	83	83	16404.92
9	28	28	16823.2
10	1	1	16977.41
11	57	57	17001.79

Gaussian Denoised Signal:
1	1	16977.41
2	2	16424.76
3	3	15352.46
4	4	14347.76
5	5	13413.57
6	6	12552.69
7	7	11768.59
8	8	11066.04
9	9	10452.3
10	10	9940.12
11	11	9729.3
12	12	9762.86
13	13	9782.45
14	14	9774.12
15	15	9735.07
16	16	9672.9
17	17	9605.82
18	18	9773.49
19	19	10225.78
20	20	10777.03
21	21	11415.86
22	22	12136.99
23	23	12939.57
24	24	13693.01
25	25	14525.05
26	26	15519.92
27	27	16361.68
28	28	16823.2
29	29	16792.48
30	30	16278.06
31	31	15407.69
32	32	14419.39
33	33	13629.48
34	34	12904.77
35	35	12101.44
36	36	11379.85
37	37	10741.07
38	38	10190.79
39	39	9740.5
40	40	9552.21
41	41	9567.58
42	42	9554.73
43	43	9498.45
44	44	9428.63
45	45	9562.28
46	46	9946.34
47	47	10412.28
48	48	10959.84
49	49	11436.13
50	50	11980.93
51	51	12761.89
52	52	13463.01
53	53	14222.08
54	54	15197.32
55	55	16115.83
56	56	16762.15
57	57	17001.79
58	58	16787.63
59	59	16160.83
60	60	15250.74
61	61	14269.63
62	62	13490.87
63	63	12777.06
64	64	11996.6
65	65	11463.83
66	66	11000.19
67	67	10441.47
68	68	9963.73
69	69	9580.13
70	70	9464.08
71	71	9567.93
72	72	9657.09
73	73	9699.22
74	74	9701.23
75	75	9922.74
76	76	10432.43
77	77	11044.75
78	78	11746.79
79	79	12530.91
80	80	13392.1
81	81	14326.76
82	82	15332.02
83	83	16404.92
====================

