"nt"	"nds"
1	16977.40892845754
2	15872.11013987065
3	14832.813053301788
4	13862.71446456408
5	12964.430250116133
6	12140.95751284617
7	11396.223289662952
8	10735.85046234136
9	10168.750498641444
10	9711.488998514407
11	9747.10102572547
12	9778.623713594876
13	9786.268444802754
14	9761.977038998377
15	9708.159766721035
16	9637.638985946176
17	9574.004280905447
18	9972.967208117512
19	10478.590691927448
20	11075.468027668474
21	11756.257523852119
22	12517.7216722128
23	13361.413011279297
24	14024.6133482455
25	15025.496144655377
26	16014.34508798129
27	16709.01633343409
28	16937.37856685674
29	16647.586623771833
30	15908.525489438452
31	14906.854623607707
32	13931.918862530943
33	13327.036132229621
34	12482.4969086887
35	11720.382566749628
36	11039.315983539032
37	10442.821989267692
38	9938.760837518315
39	9542.23144246751
40	9562.195275106895
41	9572.973851851135
42	9536.488263043673
43	9460.405920807278
44	9396.850920401119
45	9727.716706172927
46	10164.969532775958
47	10659.585988048448
48	11260.096646868742
49	11612.155273916309
50	12349.699754370446
51	13174.079461449975
52	13751.942450713173
53	14692.224121223851
54	15702.408677917754
55	16529.256383480082
56	16995.037805997737
57	17008.54962643336
58	16566.70160834109
59	15754.954023509958
60	14746.526249849821
61	13792.730092507243
62	13189.001489538174
63	12365.119237160816
64	11628.087719082381
65	11299.565400222471
66	10700.810514708734
67	10182.132472323641
68	9745.32125484069
69	9414.930054902656
70	9513.238961575804
71	9622.613854092784
72	9691.565035737054
73	9706.871160638699
74	9695.595560166867
75	10149.885847091538
76	10714.983150982956
77	11374.513368862154
78	12119.073159719745
79	12942.747658234659
80	13841.445953789293
81	14812.07606702777
82	15851.965496911544
83	16957.882931720775
