"nt"	"nds"
1	1619.9686714897607
2	1620.0699805188572
3	1620.1545583593563
4	1620.2549160116118
5	1620.337598720116
6	1620.4020347328265
7	1620.4671756007479
8	1620.528733805186
9	1620.570201905985
10	1620.6155084224283
11	1620.6343457997345
12	1620.637390199437
13	1620.634345799735
14	1620.6155084224283
15	1620.5702019059847
16	1620.528733805186
17	1620.467175600748
18	1620.4020347328262
19	1620.3375987201164
20	1620.2549160116114
21	1620.1545583593563
22	1620.0699805188574
23	1619.9686714897607
