"nt"	"nds"
1	1230.653577016838
2	1107.6000066844636
3	1111.9181028565765
4	1188.9063482413162
5	1334.273374781696
6	1569.411639384261
7	1809.9588566913123
8	1902.4853653555203
9	1800.9903518783178
10	1556.4864520852193
11	1327.8363592404714
12	1180.9878007800103
13	1101.8998732150192
14	1094.8245615793141
15	1193.1958618804922
16	1340.3909529662412
17	1492.6016568810344
18	1625.2094867447513
19	1723.549365938566
20	1778.8604792376905
21	1786.8282080146635
22	1747.0621473301126
23	1663.0810454826913
24	1542.9221773340314
