"nt"	"nds"
1	8743.44791491498
2	7938.257340602569
3	7218.832331269614
4	6595.307333464632
5	6082.373178069692
6	5706.271015056262
7	5789.446042160815
8	5889.433554057588
9	5982.012080353888
10	6052.432828735639
11	6093.848844895708
12	6105.820506298037
13	6093.505418658761
14	6067.874691403417
15	6046.208824443942
16	6476.259415078616
17	7006.613412943528
18	7617.92216848588
19	8301.702525128265
20	9053.834244510668
21	9872.780187991586
22	10750.983114008215
23	11586.668481491964
24	11606.063478439044
25	10791.085950384015
26	9892.264663015116
27	9074.27976997208
28	8323.039192690521
29	7640.018094625025
30	7029.052052987262
31	6498.196257105636
32	6066.792282317973
33	6105.243388605676
34	6151.150052097748
35	6194.162184383602
36	6226.394568456236
37	6242.361885856918
38	6238.604962391123
39	6213.312638590868
40	6166.432506883089
41	6099.66924174595
42	6016.560476201647
43	5922.885938548062
44	5827.166097100212
45	5741.132153191048
46	5679.154838928297
47	6036.7159772193645
48	6526.243808371209
49	7119.442769260039
50	7802.254588811677
51	8566.98407798012
52	9399.419881994865
53	10206.052643678715
54	10238.382311737481
55	9465.441425176597
56	8599.147115540425
57	7836.881542685951
58	7158.1110174092455
59	6571.6383118718495
60	6092.527724050054
61	5744.1536159502475
62	5757.176193770558
63	6126.347844736969
64	6631.382410723331
65	7249.79767824247
66	7965.738418300917
67	8767.522754205598
68	9909.531327683346
