Gaussian Denoiser Window Size: 2
Predicted sites number: 5
Predicted nucleotides number: 5

Site#1:
1
Site#2:
15
Site#3:
27
Site#4:
40
Site#5:
49

extremaRank	extremaLoc	extremaNt	extremaNDS_gd
1	40	40	3791.17
2	15	15	3804.37
3	27	27	6753.1
4	49	49	6887.48
5	1	1	7265.57

Gaussian Denoised Signal:
1	1	7265.57
2	2	6936.81
3	3	6308.9
4	4	5741.22
5	5	5235.45
6	6	4792.95
7	7	4416.12
8	8	4235.06
9	9	4204.18
10	10	4149.98
11	11	4077.08
12	12	3998.09
13	13	3899.18
14	14	3815
15	15	3804.37
16	16	3874.49
17	17	4027.07
18	18	4277.83
19	19	4617.33
20	20	4996.23
21	21	5379.4
22	22	5741.79
23	23	6065.26
24	24	6336.48
25	25	6545.68
26	26	6686
27	27	6753.1
28	28	6745.01
29	29	6662.06
30	30	6506.88
31	31	6284.45
32	32	6002.43
33	33	5671.47
34	34	5305.97
35	35	4925.23
36	36	4555.32
37	37	4231.72
38	38	4002.56
39	39	3861.61
40	40	3791.17
41	41	3802.77
42	42	3892.42
43	43	4073.64
44	44	4358.31
45	45	4731.93
46	46	5176.39
47	47	5685.38
48	48	6256.4
49	49	6887.48
====================

