"nt"	"nds"
1	7265.568793019703
2	6608.058395283656
3	6009.740657186334
4	5472.696635127212
5	4998.198948276483
6	4587.694160126261
7	4244.552855477319
8	4225.562263887262
9	4182.8022878632955
10	4117.160604160912
11	4036.989464326121
12	3959.1916708833114
13	3839.163521002924
14	3790.8367188738457
15	3817.8935627717697
16	3931.076774983072
17	4123.071729185778
18	4432.586518928963
19	4802.082880302971
20	5190.385272106925
21	5568.407467916114
22	5915.176105828459
23	6215.346907512383
24	6457.6138132698
25	6633.748384425062
26	6738.243491190953
27	6767.949421703306
28	6722.0625266327925
29	6602.063908908444
30	6411.689507271776
31	6157.213920365201
32	5847.642211217458
33	5495.2913976256195
34	5116.649507358788
35	4733.816023816316
36	4376.827529722553
37	4086.6155463648074
38	3918.508974868366
39	3804.7203137851675
40	3777.6207471172547
41	3827.9173583586244
42	3956.914740357011
43	4190.375073931268
44	4526.243531383527
45	4937.622804610713
46	5415.151477920947
47	5955.600630811082
48	6557.206781883717
49	7217.753513680038
