"nt"	"nds"
1	2214.6807372233015
2	2102.1777451737603
3	2064.8438983678548
4	2100.3706974983825
5	2213.009814559131
6	2398.5392785692943
7	2677.413330146211
8	2972.766543384151
9	3232.174697426957
10	3421.333390221826
11	3519.594411418418
12	3517.2042268701284
13	3414.3809034020346
14	3221.327755113688
15	2959.2734212052173
16	2663.3079125519216
17	2387.0983678302764
18	2208.473608121786
19	2094.6917237184157
20	2057.362432018379
21	2091.7333743009553
22	2200.335835290326
23	2359.8828765020844
24	2614.492604394175
25	2895.301076818778
26	3154.814215569187
27	3361.392237520245
28	3494.8289627765294
29	3543.6586675985304
30	3504.042971518295
31	3379.4233816451047
32	3180.8658093992535
33	2928.2256099195783
34	2652.887075482896
