"nt"	"nds"
1	2496.731324547876
2	2695.792026098912
3	2822.4127316289655
4	2860.5650035628837
5	2805.5230424821684
6	2662.9891470614552
7	2449.9519916084773
8	2196.7138259241433
9	1952.0631583220809
10	1790.822469594084
11	1682.6227957558285
12	1644.8767334023817
13	1672.9319366930613
14	1766.3369100838663
15	1928.392939891647
16	2148.6033740276744
17	2451.863502559619
18	2715.799914481557
19	2866.5882233074335
20	2869.6964104491553
21	2724.3865555920165
22	2463.604421585846
23	2159.34557115825
24	1932.7960959947254
25	1771.486197919009
26	1679.0848734373676
27	1652.4543528062216
28	1692.2586553854474
29	1803.2430678858173
30	1988.3705124388018
