"nt"	"nds"
1	1640.594988506832
2	1765.397109408036
3	1827.5000889280786
4	1818.575084828755
5	1739.1641817728253
6	1598.5691304609604
7	1416.5334060196071
8	1228.5165134647998
9	1098.0946073956488
10	1053.9317003054862
11	1081.1868932251577
12	1184.0757963867056
13	1290.3134781956333
14	1345.1090441035662
15	1612.9523931273202
16	1834.5437197466972
17	1826.7694600800637
18	1596.898701392885
19	1338.4790607310867
20	1238.934769966092
21	1090.855762942002
22	1063.8790405267769
23	1110.0734035215978
24	1263.4762295571977
