"nt"	"nds"
1	5053.640240712451
2	4766.151643543807
3	4562.297078075117
4	4438.474730095076
5	4397.755368249715
6	4619.757214589288
7	4805.6113051882985
8	5179.354799870513
9	5664.508977360337
10	6222.605338824639
11	6821.652720140473
12	6898.860746473244
13	6375.677428572255
14	5734.487673985567
15	5247.6814668739125
16	4872.268923331098
17	4890.307014657859
18	4895.453692595656
19	4888.4212299935025
20	5270.198200525772
21	5754.40528821789
22	6324.881566919615
23	7014.370625130728
24	7604.199515948134
25	7557.791203394146
26	6923.134711649889
27	6283.431878666248
28	5713.989764319658
29	5230.888478901563
30	4848.606127296615
31	4778.79137823633
32	4656.930566573024
33	4505.598688933152
34	4389.533555782973
35	4431.958978515595
36	4555.3527784317575
37	4756.6460479072775
38	5040.617691688234
39	5272.937256196409
40	5675.132815933919
41	6167.97079657912
42	6687.040950320818
43	7182.851579742374
44	7618.700516646956
45	7967.694513410212
46	8211.19575931934
47	8337.203692451945
48	8339.84592588201
49	8219.020240565851
50	7980.528262393056
51	7636.201328760675
52	7204.717714936217
53	6712.949126659287
54	6197.978114584898
55	5709.5035305360525
