"nt"	"nds"
1	170991.4576146369
2	166989.07424753322
3	164791.3354535796
4	160886.81713848372
5	157241.41617647014
6	153865.88508940677
7	150770.79799116444
8	147962.8288782267
9	145443.1754292578
10	143813.95735099397
11	142374.36930339586
12	141132.02553318936
13	142510.81346525418
14	144210.45318910916
15	146201.20076603186
16	148463.8397746248
17	149816.96482794138
18	151561.17345466686
19	153521.71548462406
20	155506.94797468258
21	157327.3105225946
22	158814.23096354175
23	159840.0760842464
24	160330.68899934075
25	160271.61863854228
26	163607.57329415437
27	167116.51494503405
28	170785.79237232392
29	174635.07669305304
30	178657.21948664146
31	182813.33574836887
32	187090.1141124289
33	191482.822929583
34	195820.8011646202
35	200442.3480683379
36	202673.45275444724
37	207429.0053927446
38	212283.98882542117
39	217232.433656121
40	222271.27407430374
41	227398.35285834188
42	232611.5437548182
43	237909.7009611639
44	243292.26577540505
45	248760.65199261237
46	253780.67387237636
47	259690.10850235727
48	263019.00202933344
49	261940.8427071091
50	257080.16567425115
51	251172.5125714859
52	247717.6035347132
53	242241.7779920179
54	236852.12261393172
55	231547.26806250686
56	226327.65519699352
57	221195.03765329046
58	216151.10497853172
59	211198.26973774872
60	206339.67435207608
61	201581.12572416017
62	197790.7259381549
63	193135.29440769338
64	190388.34848427764
65	185996.32605217048
66	181720.66897911511
67	177564.26186960217
68	173533.99200168968
69	172700.57027191672
70	171649.05878986037
71	170547.9104837918
72	169610.23683463386
73	165965.3034943511
74	162475.75483766457
75	159160.16740326255
76	156012.44617828695
77	151948.07734714364
78	148594.12850130422
79	147470.60303643232
80	145185.64035524466
81	143164.55655047254
82	141419.09329843958
83	139962.62258849532
84	138395.99929426122
85	136793.07003920365
86	135534.58660166367
87	135075.8411314117
88	134069.43696261581
89	133215.25165960853
90	132507.22673541144
91	131946.98270287146
92	131805.30821098873
93	131697.08721167786
94	131623.6155789372
95	131587.00873157464
96	131587.50428348753
97	131473.39220420172
98	131532.4825724044
99	131585.3549283548
100	132109.0299148705
101	132504.7842258575
102	133131.93482457686
103	133905.36668692972
104	134823.06521596352
105	135889.7059795143
106	136961.21390963002
107	138167.36237305676
108	139694.55937076855
109	139812.69607161044
110	141152.80562077308
111	143468.23922339486
112	145475.89819976923
113	147655.84626123353
114	149990.69603542425
115	152468.76997773896
116	155084.65952986054
117	157833.48125077496
118	159249.0351967879
119	161699.9593481722
120	164208.40551595838
121	165951.2070027919
122	169127.13731083355
123	172408.00195333245
124	174747.13821030108
125	178245.21603840444
126	180833.73489734324
127	184447.0732067076
128	186047.98776156962
129	189017.7954200987
130	192458.1495478928
131	195474.33778139096
132	197401.01722978597
133	201402.8165598191
134	205490.07842407373
135	209657.69400508882
136	212006.20925944817
137	213949.63430726054
138	218306.86232844132
139	222748.9211612306
140	227281.65292592972
141	231904.46555908184
142	236616.82281846614
143	241423.5162215705
144	246323.75124100526
145	248691.44115320145
146	256833.18225412376
147	261988.90898327544
148	267260.1109293806
149	272643.137394686
150	278133.3595910658
151	283726.0543563306
152	289414.7314943814
153	295194.26874826994
154	301059.35417390306
155	306275.7057886343
156	312288.6320300229
157	313072.5649224956
158	307818.65061928605
159	301771.3047466369
160	295901.0101048033
161	290115.15064571466
162	284420.428806025
163	278823.8497133604
164	273332.494189829
165	267951.56441197864
166	262684.91615263215
167	257536.64805834353
168	257644.79429889013
169	258430.33777442036
170	263710.1427812902
171	269112.11788195645
172	274635.100190089
173	280277.66657753603
174	285620.75262875657
175	291211.75576744956
176	291429.1513474303
177	286055.11556120944
178	280481.2392332701
179	274835.80075078167
180	269306.04536860227
181	263892.6474333707
182	258595.92271118422
183	250341.71893861148
184	246910.3137128205
185	242007.1863659163
186	237195.57829714258
187	232485.92093763786
188	236014.86528737686
189	236003.91390212596
190	232374.23494276023
191	227695.88199234765
192	225569.92243489335
193	227694.88583307434
194	223168.4939174249
195	218740.8830268703
196	214398.99891157445
197	210145.63700571423
198	205980.6617909892
199	201897.95010982043
200	197901.55010714344
201	196234.36400948037
202	192571.17092295393
203	188198.533159575
204	184984.13303073382
205	181370.1155092812
206	179545.16181751082
207	176062.46537916968
208	172944.4498402564
209	169663.9720618899
210	166489.04561579696
211	164865.7523938657
212	161467.38008648012
213	158384.287664097
214	155624.38825058538
215	154610.49454780744
216	152984.3275325542
217	150504.86581654585
218	148165.26964544295
219	145980.0633698982
220	143975.40362619885
221	143802.3285212115
222	145952.54934045768
223	145930.2202908375
224	143717.1209587503
225	143808.1943918292
226	145891.0368236614
227	148279.72768775883
228	150948.50714855583
229	153087.1477760978
230	155831.3211127145
231	158221.4836400282
232	159475.1092142175
233	162991.5724638255
234	166698.03368570018
235	170580.33723270008
236	174628.22333465907
237	178833.2903867276
238	183189.8888186132
239	187693.1678521709
240	191731.607389076
241	196598.96257796235
242	198663.0441335986
243	196401.63856082383
244	191438.7603200766
245	187550.45732754617
246	183021.5967497995
247	178636.28912069084
248	174398.1500992993
249	170313.55809667177
250	166389.95074122545
251	162637.69440722317
252	159070.78820153748
253	156350.41637667164
254	152628.19719745964
255	150394.86764264034
256	147657.68586232254
257	145205.76288764077
258	143060.50101600375
259	145187.40091586226
260	147345.4554919901
261	149338.74463282237
262	150963.18278960895
263	152020.08909545612
264	152337.39545312047
265	151822.84771771918
266	150486.39335249204
267	148449.84730850745
268	145941.08170667954
269	143273.2047317932
270	140797.44134807654
271	138834.445567048
272	137606.83117632626
273	137201.7609539035
274	137581.66310728953
275	138624.55414777
276	140165.4527950775
277	138600.9964136472
278	137810.68812431575
279	136290.0151712104
280	135216.01054752356
281	134292.9378271968
282	133512.64200988697
283	132877.20275294103
284	133390.08057520122
285	133437.29315267617
286	134807.2524789946
287	136565.66570519426
288	138687.86149861143
289	141146.3177026742
290	143914.92944842696
291	146972.21087145462
292	149840.85004348215
293	153463.52569538477
294	155076.49071816923
295	153417.81079507075
296	149758.53299202162
297	146926.0367581449
298	143851.54583560012
299	141060.56248884613
300	138574.80312125117
301	136423.64567560572
302	134641.36931240352
303	133254.54169170547
304	134452.10282380073
305	136156.50050229506
306	137722.25534277823
307	138555.96948168814
308	138324.49280380845
309	137135.58787866638
310	135461.83753061036
311	133871.88032469363
312	132784.59991654754
313	132402.16369066772
314	132069.1438568199
315	131992.46703997414
316	132115.5905770366
317	132460.80830827486
318	133007.7759029237
319	133712.9491618556
320	134567.11341239343
321	135576.02579804327
322	138100.3955739869
323	143624.41751448307
324	146119.24558193638
325	148936.43569372737
326	152059.14827739162
327	155471.12363698494
328	158637.76308279886
329	162596.33534693357
330	163266.1708100033
331	159992.34245067995
332	156113.9979785829
333	152724.51532413808
334	149629.36317714374
335	146847.82820819883
336	144400.40039203977
337	144999.48483531174
338	147614.0479625956
339	150545.50228930736
340	153773.28305536794
341	157277.69561699446
342	161039.82100707403
343	165044.49622918345
344	167212.19253085408
345	171135.8689557916
346	175659.517394766
347	179552.08494768664
348	181851.7697923339
349	186736.36814387108
350	191775.91334622412
351	196958.401208204
352	200827.75313720127
353	206507.92545431876
354	210658.4496561388
355	210964.3118818131
356	207232.73203993044
357	201528.77441237157
358	197232.43882662742
359	192044.36132544643
360	187001.05739890068
361	182115.22903570833
362	180272.77779431446
363	176658.32724097237
364	172165.51685675402
365	167997.12400308053
366	165336.94872725458
367	161350.53154905056
368	157608.82332724612
369	154126.66077943894
370	150922.33844424854
371	148016.07207791196
372	145429.49429206262
373	145425.82767753277
374	145641.7716203932
375	145861.04558926405
376	148489.17450561494
377	151422.8036443853
378	154644.8374003663
379	158140.31039386088
380	161894.35741919634
381	165893.60293966706
382	169949.24143204017
383	173522.50024964823
384	178126.20694538328
385	182919.10767269036
386	187885.52671717567
387	193011.24089535396
388	198284.76382651326
389	203477.16122796835
390	208586.95563345167
391	208508.11402097458
392	203327.62652582926
393	198217.19380950474
394	192944.54875413945
395	187818.38071861846
396	182850.23659313112
397	178054.9093735188
398	173449.1777919826
399	169800.1621942056
400	165821.55546454876
401	161826.87205813616
402	158080.52695418452
403	154596.63093444
404	151391.17302320388
405	148480.53091019564
406	145882.0768542463
407	145734.0543336035
408	148254.55964525585
409	151073.87555085876
410	154181.8496366479
411	157568.4055953357
412	161222.2000996797
413	165134.55545526592
414	167946.04985387434
415	172285.40788500744
416	176723.57579369962
417	179853.0354588156
418	180725.204250377
419	179104.98341412016
