Gaussian Denoiser Window Size: 2
Predicted sites number: 24
Predicted nucleotides number: 28

Site#1:
12
Site#2:
49
Site#3:
98
Site#4:
157
Site#5:
168
Site#6:
176
Site#7:
188
189
Site#8:
221
223
225
Site#9:
242
Site#10:
259
Site#11:
264
Site#12:
274
276
Site#13:
284
Site#14:
294
Site#15:
304
Site#16:
308
Site#17:
315
Site#18:
330
Site#19:
337
Site#20:
355
Site#21:
373
Site#22:
391
Site#23:
407
Site#24:
418

extremaRank	extremaLoc	extremaNt	extremaNDS_gd
1	98	98	131502.94
2	315	315	132030.81
3	284	284	133133.64
4	304	304	133853.32
5	274	274	137391.71
6	308	308	138440.23
7	276	276	139395
8	12	12	141753.2
9	225	225	143762.66
10	221	221	143888.87
11	259	259	144123.95
12	337	337	144699.94
13	373	373	145427.66
14	407	407	145808.07
15	223	223	145941.38
16	264	264	152178.74
17	294	294	154270.01
18	330	330	162931.25
19	418	418	180289.12
20	242	242	197631
21	391	391	208547.53
22	355	355	210811.38
23	188	188	234250.39
24	189	189	236009.39
25	168	168	257590.72
26	49	49	262479.92
27	176	176	291320.45
28	157	157	312680.6

Gaussian Denoised Signal:
1	1	170991.46
2	2	168990.27
3	3	165890.2
4	4	162839.08
5	5	159064.12
6	6	155553.65
7	7	152318.34
8	8	149366.81
9	9	146703
10	10	144628.57
11	11	143094.16
12	12	141753.2
13	13	141821.42
14	14	143360.63
15	15	145205.83
16	16	147332.52
17	17	149140.4
18	18	150689.07
19	19	152541.44
20	20	154514.33
21	21	156417.13
22	22	158070.77
23	23	159327.15
24	24	160085.38
25	25	160301.15
26	26	161939.6
27	27	165362.04
28	28	168951.15
29	29	172710.43
30	30	176646.15
31	31	180735.28
32	32	184951.72
33	33	189286.47
34	34	193651.81
35	35	198131.57
36	36	201557.9
37	37	205051.23
38	38	209856.5
39	39	214758.21
40	40	219751.85
41	41	224834.81
42	42	230004.95
43	43	235260.62
44	44	240600.98
45	45	246026.46
46	46	251270.66
47	47	256735.39
48	48	261354.56
49	49	262479.92
50	50	259510.5
51	51	254126.34
52	52	249445.06
53	53	244979.69
54	54	239546.95
55	55	234199.7
56	56	228937.46
57	57	223761.35
58	58	218673.07
59	59	213674.69
60	60	208768.97
61	61	203960.4
62	62	199685.93
63	63	195463.01
64	64	191761.82
65	65	188192.34
66	66	183858.5
67	67	179642.47
68	68	175549.13
69	69	173117.28
70	70	172174.81
71	71	171098.48
72	72	170079.07
73	73	167787.77
74	74	164220.53
75	75	160817.96
76	76	157586.31
77	77	153980.26
78	78	150271.1
79	79	148032.37
80	80	146328.12
81	81	144175.1
82	82	142291.82
83	83	140690.86
84	84	139179.31
85	85	137594.53
86	86	136163.83
87	87	135305.21
88	88	134572.64
89	89	133642.34
90	90	132861.24
91	91	132227.1
92	92	131876.15
93	93	131751.2
94	94	131660.35
95	95	131605.31
96	96	131587.26
97	97	131530.45
98	98	131502.94
99	99	131558.92
100	100	131847.19
101	101	132306.91
102	102	132818.36
103	103	133518.65
104	104	134364.22
105	105	135356.39
106	106	136425.46
107	107	137564.29
108	108	138930.96
109	109	139753.63
110	110	140482.75
111	111	142310.52
112	112	144472.07
113	113	146565.87
114	114	148823.27
115	115	151229.73
116	116	153776.71
117	117	156459.07
118	118	158541.26
119	119	160474.5
120	120	162954.18
121	121	165079.81
122	122	167539.17
123	123	170767.57
124	124	173577.57
125	125	176496.18
126	126	179539.48
127	127	182640.4
128	128	185247.53
129	129	187532.89
130	130	190737.97
131	131	193966.24
132	132	196437.68
133	133	199401.92
134	134	203446.45
135	135	207573.89
136	136	210831.95
137	137	212977.92
138	138	216128.25
139	139	220527.89
140	140	225015.29
141	141	229593.06
142	142	234260.64
143	143	239020.17
144	144	243873.63
145	145	247507.6
146	146	252762.31
147	147	259411.05
148	148	264624.51
149	149	269951.62
150	150	275388.25
151	151	280929.71
152	152	286570.39
153	153	292304.5
154	154	298126.81
155	155	303667.53
156	156	309282.17
157	157	312680.6
158	158	310445.61
159	159	304794.98
160	160	298836.16
161	161	293008.08
162	162	287267.79
163	163	281622.14
164	164	276078.17
165	165	270642.03
166	166	265318.24
167	167	260110.78
168	168	257590.72
169	169	258037.57
170	170	261070.24
171	171	266411.13
172	172	271873.61
173	173	277456.38
174	174	282949.21
175	175	288416.25
176	176	291320.45
177	177	288742.13
178	178	283268.18
179	179	277658.52
180	180	272070.92
181	181	266599.35
182	182	261244.29
183	183	254468.82
184	184	248626.02
185	185	244458.75
186	186	239601.38
187	187	234840.75
188	188	234250.39
189	189	236009.39
190	190	234189.07
191	191	230035.06
192	192	226632.9
193	193	226632.4
194	194	225431.69
195	195	220954.69
196	196	216569.94
197	197	212272.32
198	198	208063.15
199	199	203939.31
200	200	199899.75
201	201	197067.96
202	202	194402.77
203	203	190384.85
204	204	186591.33
205	205	183177.12
206	206	180457.64
207	207	177803.81
208	208	174503.46
209	209	171304.21
210	210	168076.51
211	211	165677.4
212	212	163166.57
213	213	159925.83
214	214	157004.34
215	215	155117.44
216	216	153797.41
217	217	151744.6
218	218	149335.07
219	219	147072.67
220	220	144977.73
221	221	143888.87
222	222	144877.44
223	223	145941.38
224	224	144823.67
225	225	143762.66
226	226	144849.62
227	227	147085.38
228	228	149614.12
229	229	152017.83
230	230	154459.23
231	231	157026.4
232	232	158848.3
233	233	161233.34
234	234	164844.8
235	235	168639.19
236	236	172604.28
237	237	176730.76
238	238	181011.59
239	239	185441.53
240	240	189712.39
241	241	194165.28
242	242	197631
243	243	197532.34
244	244	193920.2
245	245	189494.61
246	246	185286.03
247	247	180828.94
248	248	176517.22
249	249	172355.85
250	250	168351.75
251	251	164513.82
252	252	160854.24
253	253	157710.6
254	254	154489.31
255	255	151511.53
256	256	149026.28
257	257	146431.72
258	258	144133.13
259	259	144123.95
260	260	146266.43
261	261	148342.1
262	262	150150.96
263	263	151491.64
264	264	152178.74
265	265	152080.12
266	266	151154.62
267	267	149468.12
268	268	147195.46
269	269	144607.14
270	270	142035.32
271	271	139815.94
272	272	138220.64
273	273	137404.3
274	274	137391.71
275	275	138103.11
276	276	139395
277	277	139383.22
278	278	138205.84
279	279	137050.35
280	280	135753.01
281	281	134754.47
282	282	133902.79
283	283	133194.92
284	284	133133.64
285	285	133413.69
286	286	134122.27
287	287	135686.46
288	288	137626.76
289	289	139917.09
290	290	142530.62
291	291	145443.57
292	292	148406.53
293	293	151652.19
294	294	154270.01
295	295	154247.15
296	296	151588.17
297	297	148342.28
298	298	145388.79
299	299	142456.05
300	300	139817.68
301	301	137499.22
302	302	135532.51
303	303	133947.96
304	304	133853.32
305	305	135304.3
306	306	136939.38
307	307	138139.11
308	308	138440.23
309	309	137730.04
310	310	136298.71
311	311	134666.86
312	312	133328.24
313	313	132593.38
314	314	132235.65
315	315	132030.81
316	316	132054.03
317	317	132288.2
318	318	132734.29
319	319	133360.36
320	320	134140.03
321	321	135071.57
322	322	136838.21
323	323	140862.41
324	324	144871.83
325	325	147527.84
326	326	150497.79
327	327	153765.14
328	328	157054.44
329	329	160617.05
330	330	162931.25
331	331	161629.26
332	332	158053.17
333	333	154419.26
334	334	151176.94
335	335	148238.6
336	336	145624.11
337	337	144699.94
338	338	146306.77
339	339	149079.78
340	340	152159.39
341	341	155525.49
342	342	159158.76
343	343	163042.16
344	344	166128.34
345	345	169174.03
346	346	173397.69
347	347	177605.8
348	348	180701.93
349	349	184294.07
350	350	189256.14
351	351	194367.16
352	352	198893.08
353	353	203667.84
354	354	208583.19
355	355	210811.38
356	356	209098.52
357	357	204380.75
358	358	199380.61
359	359	194638.4
360	360	189522.71
361	361	184558.14
362	362	181194
363	363	178465.55
364	364	174411.92
365	365	170081.32
366	366	166667.04
367	367	163343.74
368	368	159479.68
369	369	155867.74
370	370	152524.5
371	371	149469.21
372	372	146722.78
373	373	145427.66
374	374	145533.8
375	375	145751.41
376	376	147175.11
377	377	149955.99
378	378	153033.82
379	379	156392.57
380	380	160017.33
381	381	163893.98
382	382	167921.42
383	383	171735.87
384	384	175824.35
385	385	180522.66
386	386	185402.32
387	387	190448.38
388	388	195648
389	389	200880.96
390	390	206032.06
391	391	208547.53
392	392	205917.87
393	393	200772.41
394	394	195580.87
395	395	190381.46
396	396	185334.31
397	397	180452.57
398	398	175752.04
399	399	171624.67
400	400	167810.86
401	401	163824.21
402	402	159953.7
403	403	156338.58
404	404	152993.9
405	405	149935.85
406	406	147181.3
407	407	145808.07
408	408	146994.31
409	409	149664.22
410	410	152627.86
411	411	155875.13
412	412	159395.3
413	413	163178.38
414	414	166540.3
415	415	170115.73
416	416	174504.49
417	417	178288.31
418	418	180289.12
419	419	179915.09
====================

