"nt"	"nds"
1	3982.182465916659
2	3514.94052549655
3	3106.522060658444
4	2759.150214204521
5	2474.993071447983
6	2430.5670843001913
7	2344.1158247464004
8	2243.251688812175
9	2129.604316547389
10	2084.4367416643804
11	2164.775643753062
12	2257.049321077555
13	2327.4970024633235
14	2360.3036225005267
15	2354.9891285654776
16	2326.543189517421
17	2543.4778208085813
18	2829.3748738822082
19	3180.543177687938
20	3638.741914804023
21	4010.5469625767755
22	3976.8076550721407
23	3567.977952968401
24	3145.693277970596
25	2792.6197441616714
26	2505.773644229582
27	2289.8702491154095
28	2220.948758734179
29	2073.194923713437
30	2115.582406657694
31	2232.418535805015
32	2433.5115352324765
33	2716.1780584282656
34	3065.5537466590754
35	3476.675053380357
36	3946.562871667869
