Gaussian Denoiser Window Size: 2
Predicted sites number: 5
Predicted nucleotides number: 5

Site#1:
1
Site#2:
5
Site#3:
18
Site#4:
29
Site#5:
42

extremaRank	extremaLoc	extremaNt	extremaNDS_gd
1	18	18	4020.79
2	42	42	4047.75
3	1	1	6510.85
4	29	29	7431.12
5	5	5	7710.54

Gaussian Denoised Signal:
1	1	6510.85
2	2	6785.42
3	3	7275.16
4	4	7604.11
5	5	7710.54
6	6	7575.77
7	7	7222.84
8	8	6717.58
9	9	6170.75
10	10	5736.24
11	11	5359.46
12	12	4974.2
13	13	4654.03
14	14	4396.64
15	15	4201.46
16	16	4069.16
17	17	4030.21
18	18	4020.79
19	19	4041.78
20	20	4171.18
21	21	4392.69
22	22	4696.2
23	23	5068.56
24	24	5507.68
25	25	5956.15
26	26	6474.66
27	27	7035.93
28	28	7398.6
29	29	7431.12
30	30	7120.78
31	31	6575.71
32	32	6024.35
33	33	5547.88
34	34	5111.09
35	35	4740.1
36	36	4434.04
37	37	4291.14
38	38	4264.26
39	39	4209.04
40	40	4134.71
41	41	4056.32
42	42	4047.75
43	43	4057.72
44	44	4087.77
45	45	4219.81
46	46	4414.96
47	47	4672.86
48	48	4994.5
49	49	5382.44
====================

