"nt"	"nds"
1	6510.84640723184
2	7059.9985377455405
3	7490.325398718091
4	7717.895967417722
5	7703.184397772853
6	7448.347878827882
7	6997.324439094221
8	6437.827962887382
9	5903.678652155249
10	5568.794720755098
11	5150.124281811292
12	4798.280643111953
13	4509.777743681704
14	4283.496680634732
15	4119.427420255942
16	4018.893781853094
17	4041.531688754632
18	4000.053504605318
19	4083.507724328969
20	4258.862250429991
21	4526.523097892302
22	4865.870239903417
23	5271.256331645815
24	5744.103903735699
25	6168.201392683961
26	6781.111676204695
27	7290.749589258164
28	7506.452198436725
29	7355.7908071966895
30	6885.777854097371
31	6265.63948130665
32	5783.057197637626
33	5312.695078330503
34	4909.486095654887
35	4570.720307789425
36	4297.356885843703
37	4284.931892527281
38	4243.5888838874835
39	4174.49759248349
40	4094.92932306203
41	4017.7040993667442
42	4077.7926043854727
43	4037.6560995177397
44	4137.874590745006
45	4301.736388868364
46	4528.179813217632
47	4817.54742935945
48	5171.456949457473
49	5593.413698508384
