Gaussian Denoiser Window Size: 2
Predicted sites number: 11
Predicted nucleotides number: 11

Site#1:
1
Site#2:
13
Site#3:
18
Site#4:
22
Site#5:
28
Site#6:
40
Site#7:
55
Site#8:
65
Site#9:
73
Site#10:
92
Site#11:
106

extremaRank	extremaLoc	extremaNt	extremaNDS_gd
1	92	92	13076.67
2	40	40	13084.28
3	13	13	14606.37
4	22	22	14660.6
5	65	65	15402
6	18	18	16492.19
7	28	28	19520.69
8	73	73	22842.49
9	55	55	23625.42
10	1	1	24928.78
11	106	106	25660.92

Gaussian Denoised Signal:
1	1	24928.78
2	2	24220.8
3	3	22839.15
4	4	21528.43
5	5	20721.55
6	6	20201.9
7	7	19421.84
8	8	18637.23
9	9	17778.05
10	10	16814.47
11	11	15949.54
12	12	15203.19
13	13	14606.37
14	14	14614.03
15	15	15246.91
16	16	15947.78
17	17	16435.7
18	18	16492.19
19	19	16075.29
20	20	15360.73
21	21	14668.03
22	22	14660.6
23	23	15338.79
24	24	16200.04
25	25	17181.72
26	26	18300.31
27	27	19257.97
28	28	19520.69
29	29	18962.95
30	30	17887.76
31	31	16898.75
32	32	16043.72
33	33	15180.67
34	34	14481.78
35	35	14068.6
36	36	13812.21
37	37	13512.59
38	38	13267.49
39	39	13128.34
40	40	13084.28
41	41	13129.04
42	42	13264.57
43	43	13655.28
44	44	14339.98
45	45	14959.14
46	46	15541.2
47	47	16300.93
48	48	17181.96
49	49	18176.78
50	50	18997.81
51	51	19849.5
52	52	21051.06
53	53	22264.34
54	54	23191.54
55	55	23625.42
56	56	23470.57
57	57	22751.74
58	58	21619.27
59	59	20344.86
60	60	19283.55
61	61	18330.31
62	62	17340.38
63	63	16467.73
64	64	15722.39
65	65	15402
66	66	15785.91
67	67	16588.21
68	68	17524.72
69	69	18579.12
70	70	19740.15
71	71	21009.06
72	72	22275.27
73	73	22842.49
74	74	22169.65
75	75	20907.69
76	76	19675.77
77	77	18511.51
78	78	17449.05
79	79	16496.94
80	80	15668.64
81	81	15239.7
82	82	15117.15
83	83	14937.6
84	84	14701.12
85	85	14420.22
86	86	14117.36
87	87	13822.3
88	88	13569.06
89	89	13392.3
90	90	13240.87
91	91	13114.14
92	92	13076.67
93	93	13127.8
94	94	13447.36
95	95	13945.69
96	96	14443.1
97	97	15054.7
98	98	15799.92
99	99	16661.64
100	100	17625.8
101	101	18762.39
102	102	20035.59
103	103	21315.38
104	104	22626.78
105	105	24010.41
106	106	25660.92
====================

