"nt"	"nds"
1	24928.77835569074
2	23512.8120983055
3	22165.483727047147
4	20891.375210345028
5	20551.721635532074
6	19852.07225756059
7	18991.609910730574
8	18282.843090599843
9	17273.2584251506
10	16355.681714813776
11	15543.395435511778
12	14862.990142846496
13	14349.754495421399
14	14878.303462804713
15	15615.51437844759
16	16280.039128804634
17	16591.368239939522
18	16393.018758101545
19	15757.55163903518
20	14963.916763206762
21	14372.147704073652
22	14949.061513112423
23	15728.5211239198
24	16671.55141045219
25	17691.894221777715
26	18908.72279783812
27	19607.225601965594
28	19434.157634189676
29	18491.749343649855
30	17283.769603623197
31	16513.73266336
32	15573.698946243052
33	14787.645106302381
34	14175.908321666424
35	13961.299022179302
36	13663.113890875868
37	13362.056445826409
38	13172.931066246754
39	13083.740186667312
40	13084.824638933836
41	13173.248632747
42	13355.897387399302
43	13954.666464985661
44	14725.296605399584
45	15192.9757071712
46	15889.428148126326
47	16712.422483902723
48	17651.49433674914
49	18702.069731550557
50	19293.55364329356
51	20405.442150542105
52	21696.66830571708
53	22832.009427826888
54	23551.067404687987
55	23699.776146567536
56	23241.35741911321
57	22262.11470782355
58	20976.422965576556
59	19713.300070736343
60	18853.793872288403
61	17806.82029123832
62	16873.93771842057
63	16061.512475092319
64	15383.26399632923
65	15420.74192354766
66	16151.077931213009
67	17025.335520452485
68	18024.100928084426
69	19134.145728021096
70	20346.148422502425
71	21671.981088545275
72	22878.56626644258
73	22806.413024600555
74	21532.887397654005
75	20282.483818793222
76	19069.05974164082
77	17953.96346111314
78	16944.14402803212
79	16049.727922457807
80	15287.558119046787
81	15191.83839169115
82	15042.463765189075
83	14832.73631138252
84	14569.512071466399
85	14270.928320570047
86	13963.799663381336
87	13680.793264992415
88	13457.324147926249
89	13327.276608399805
90	13154.462066957023
91	13073.823551856043
92	13079.524465279532
93	13176.065943847992
94	13718.654628130402
95	14172.733657874503
96	14713.466998668915
97	15395.928457689448
98	16203.908581908792
99	17119.366675618083
100	18132.238576569536
101	19392.534533755672
102	20678.653993419313
103	21952.111882627327
104	23301.445426735274
105	24719.37783693604
106	26602.466381368973
