"nt"	"nds"
1	2107.6780870501593
2	1799.0004988932121
3	1547.8055056251906
4	1355.7604750544672
5	1223.5967995045937
6	1152.1839641287052
7	1166.7118925670889
8	1153.2868330186625
9	1226.2497407576975
10	1360.6282247149572
11	1556.7502856179253
12	1846.567918907669
13	2087.865609777944
14	2082.117154202499
15	1834.251150915574
16	1550.515691775305
17	1353.8467798935167
18	1219.187423222862
19	1147.300842929642
20	1146.4681438831988
21	1216.6611269807854
22	1349.0509516340553
23	1541.6217196099435
24	1793.3525523889582
25	2102.51251221364
