"nt"	"nds"
1	7755.669809069312
2	7019.202012922156
3	6347.527572269411
4	5744.713541872764
5	5215.212598603383
6	4766.192934148132
7	4413.745796661003
8	4442.65305419588
9	4475.916206807523
10	4504.891079406788
11	4523.980620487166
12	4529.780558824973
13	4521.0115281822755
14	4497.986282777632
15	4462.839808553944
16	4419.627509494118
17	4374.773638358282
18	4337.504613437335
19	4654.208880635947
20	5067.239987028972
21	5561.536131898691
22	6130.425871975228
23	6770.044733673379
24	7573.604026539275
25	7993.683095935576
26	7496.774229101985
27	6725.112132071039
28	6083.6206940266575
29	5513.728203541534
30	5020.512389014106
31	4612.75251993104
32	4306.662081063115
33	4312.155105762399
34	4282.494285198852
35	4572.1990815817535
36	4964.714566663934
37	5447.758842811928
38	6014.063187068622
39	6664.637324388659
40	7283.689058186737
41	7299.487927595376
42	6697.432016348717
43	6029.975088476948
44	5464.229655526928
45	4981.312196207344
46	4588.073804218392
47	4296.683148943287
48	4353.867215351498
49	4385.87282246971
50	4388.039832323254
51	4731.730956368177
52	5176.458134689253
53	5705.098965976309
54	6308.695290446877
55	6981.89163249564
56	7720.175897790372
