Gaussian Denoiser Window Size: 2
Predicted sites number: 9
Predicted nucleotides number: 9

Site#1:
1
Site#2:
8
Site#3:
12
Site#4:
18
Site#5:
25
Site#6:
34
Site#7:
41
Site#8:
48
Site#9:
56

extremaRank	extremaLoc	extremaNt	extremaNDS_gd
1	34	34	4297.32
2	48	48	4325.28
3	18	18	4356.14
4	8	8	4428.2
5	12	12	4526.88
6	41	41	7291.59
7	56	56	7351.03
8	1	1	7755.67
9	25	25	7783.64

Gaussian Denoised Signal:
1	1	7755.67
2	2	7387.44
3	3	6683.36
4	4	6046.12
5	5	5479.96
6	6	4990.7
7	7	4589.97
8	8	4428.2
9	9	4459.28
10	10	4490.4
11	11	4514.44
12	12	4526.88
13	13	4525.4
14	14	4509.5
15	15	4480.41
16	16	4441.23
17	17	4397.2
18	18	4356.14
19	19	4495.86
20	20	4860.72
21	21	5314.39
22	22	5845.98
23	23	6450.24
24	24	7171.82
25	25	7783.64
26	26	7745.23
27	27	7110.94
28	28	6404.37
29	29	5798.67
30	30	5267.12
31	31	4816.63
32	32	4459.71
33	33	4309.41
34	34	4297.32
35	35	4427.35
36	36	4768.46
37	37	5206.24
38	38	5730.91
39	39	6339.35
40	40	6974.16
41	41	7291.59
42	42	6998.46
43	43	6363.7
44	44	5747.1
45	45	5222.77
46	46	4784.69
47	47	4442.38
48	48	4325.28
49	49	4369.87
50	50	4386.96
51	51	4559.89
52	52	4954.09
53	53	5440.78
54	54	6006.9
55	55	6645.29
56	56	7351.03
====================

