"nt"	"nds"
1	8882.89337927286
2	8160.521975839917
3	7496.767149456238
4	6893.842830259171
5	6353.643674716935
6	5880.12015807393
7	5784.774860024658
8	5543.130617691121
9	5215.513937715655
10	4943.623345908149
11	4719.133301418888
12	4564.791273456522
13	4482.763780614809
14	4555.895861304916
15	4644.163440255115
16	4722.995087785577
17	4775.96410073407
18	4795.220523903405
19	4781.478598108894
20	4743.750815681547
21	4698.9614727292055
22	4922.2587196626455
23	5216.912064677411
24	5577.017163766815
25	6001.043639223135
26	6489.012854150411
27	7042.876342122128
28	7619.699616733578
29	8310.64399183929
30	8729.873733465045
31	8686.9088740992
32	8203.576369217117
33	7507.812703774562
34	6996.6282184982065
35	6440.365883980212
36	5949.941896079756
37	5523.654934848098
38	5162.029596995392
39	4867.989338058969
40	4649.094352755251
41	4598.987774867945
42	4456.230822926614
43	4532.631080810876
44	4685.725965640237
45	4912.103978871464
46	5223.270735489197
47	5604.93844899324
48	5833.791339809023
49	6308.403854771431
50	6850.290218677355
51	7455.156211402342
52	8120.852913041341
53	8845.073737323175
