"nt"	"nds"
1	5139.254364871645
2	4603.327570176234
3	4153.129312124989
4	3804.2260781242035
5	3855.1168736514805
6	3878.252229711368
7	4294.9947708869895
8	4838.129144138687
9	5344.0168519669605
10	5346.411102738574
11	4843.864102505767
12	4294.916905519768
13	3869.168257868295
14	3843.9886510589376
15	3799.741072657862
16	3732.6118416415593
17	3644.5504969049375
18	3542.108549045199
19	3436.1270541113236
20	3341.766560499322
21	3278.4566109049806
22	3352.1067513375606
23	3505.5090419152493
24	3730.3090899869276
25	4025.3601951711253
26	4394.501960194487
27	4741.003551645084
28	5260.674957705855
29	5785.7285498522015
30	6194.595108915663
31	6411.8670777789175
32	6402.5537385277685
33	6168.602614008378
34	5748.9389195234135
35	5222.463978850185
36	4712.553264135934
37	4384.270860630663
38	4015.288519027806
39	3721.037265129381
40	3498.3525172850937
41	3349.885295268157
42	3284.864660621728
43	3518.3011254854796
44	3719.488079202288
45	4069.6615155204013
46	4519.154629598406
47	5053.420944362257
48	5831.283136247167
